@relation 'citation'
@attribute id integer
@attribute 2000 integer
@attribute 2001 integer
@attribute 2002 integer
@attribute 2003 integer
@attribute 2004 integer
@attribute 2005 integer
@attribute 2006 integer
@attribute 2007 integer
@attribute 2008 integer
@attribute 2009 integer
@attribute sum integer
@data
262148,3,15,11,11,24,25,26,27,36,23,201
270343,4,6,19,38,26,35,45,38,41,40,292
704526,3,9,10,14,11,11,14,17,12,7,108
57359,3,5,6,4,9,13,18,5,17,19,99
286746,10,26,8,9,21,11,22,20,20,17,164
1286172,21,17,8,8,5,6,6,11,10,3,95
540711,8,16,9,13,10,19,11,11,11,9,117
294952,7,13,14,10,11,4,9,19,9,6,102
2048041,5,7,17,22,38,40,50,57,43,69,348
4358186,19,24,17,14,32,21,23,19,30,23,222
15245359,2,8,6,9,10,10,13,7,14,9,88
15245360,1,2,3,5,7,17,14,12,13,6,80
335926,9,15,19,9,9,16,9,9,5,12,112
57413,3,5,2,9,17,14,11,8,10,8,87
663624,5,6,9,7,7,13,13,6,4,4,74
106569,5,18,2,5,12,19,11,10,5,6,93
139345,22,37,64,66,97,122,107,113,96,80,804
155738,9,10,18,7,13,8,5,3,9,9,91
745569,5,5,11,9,16,11,5,5,7,9,83
1384547,8,16,17,16,11,17,17,16,22,13,153
87398,9,9,8,15,25,14,17,12,10,14,133
2054844,3,3,7,11,13,13,14,28,21,40,153
537959,4,4,7,9,9,13,12,11,8,12,89
254065,11,12,13,11,7,4,4,2,2,3,69
229490,12,17,17,19,10,25,28,33,45,45,251
663669,4,8,7,11,10,3,5,3,2,7,60
745590,2,7,5,4,8,5,14,9,9,10,73
2064504,1,4,1,3,9,9,11,14,13,12,77
196736,8,13,27,34,41,43,52,57,55,51,381
565382,4,8,17,20,20,29,35,30,28,25,216
176222,9,21,30,34,32,52,46,34,36,20,314
2023565,4,5,6,15,14,10,12,11,15,5,97
24718,8,13,8,6,5,7,9,8,8,7,79
262291,5,2,9,5,8,4,11,13,8,5,70
319636,86,134,204,309,381,382,410,371,322,340,2939
1269928,9,12,26,24,35,24,34,33,39,35,271
663721,13,18,11,21,15,21,26,12,13,12,162
852138,11,16,13,4,0,7,3,13,2,10,79
852139,19,13,16,7,5,9,10,10,7,10,106
802988,12,10,18,13,22,30,26,40,29,29,229
303278,18,21,20,34,25,23,20,13,12,14,200
305864,19,30,40,35,32,34,22,25,11,18,266
1286325,1,6,9,10,8,8,20,12,8,8,90
1261750,25,35,42,65,92,98,115,128,127,126,853
305865,13,12,10,12,19,4,5,6,5,8,94
188,45,43,60,56,72,68,85,62,66,78,635
2038474,7,6,6,10,9,7,13,12,21,13,104
159857,4,10,12,5,7,16,11,11,7,9,92
311499,11,9,9,23,21,25,9,17,3,4,131
803020,3,7,13,18,12,12,9,6,5,8,93
278735,6,11,13,19,8,16,10,14,10,3,110
303320,16,34,50,47,35,44,47,44,36,35,388
1368283,27,31,57,77,102,134,130,169,170,178,1075
663773,19,26,26,31,16,16,9,13,5,7,168
286944,12,16,26,36,46,59,50,35,35,36,351
344289,4,6,7,8,14,13,17,9,13,18,109
1343715,10,17,19,16,29,26,29,23,12,19,200
663782,13,11,12,8,9,13,12,3,3,4,88
286955,15,19,33,32,31,37,30,42,38,29,306
1286381,5,7,10,12,10,13,16,14,19,20,126
540919,9,8,7,8,17,7,6,9,3,10,84
803067,10,19,22,22,21,16,16,13,13,6,158
73981,8,6,6,11,5,9,11,12,11,8,87
2072832,4,7,3,7,8,9,9,9,14,9,79
286980,9,10,19,19,17,7,13,10,3,8,115
264,19,13,12,10,6,5,5,5,10,6,91
1949961,14,12,9,27,16,14,16,16,17,10,151
131344,10,9,10,9,7,14,16,6,5,8,94
164113,7,5,5,12,10,12,11,11,9,21,103
303380,0,5,3,3,7,17,14,14,15,22,100
277,18,18,17,20,11,7,8,7,4,4,114
540957,5,4,4,7,10,6,9,13,6,2,66
90398,9,6,6,11,19,15,23,15,18,12,134
762147,15,11,13,10,12,9,5,13,9,1,98
74020,21,17,28,38,46,52,33,37,28,24,324
540965,6,14,11,12,8,4,9,3,8,2,77
295209,8,9,11,6,11,6,6,8,6,6,77
1343788,17,8,9,4,10,5,7,4,3,2,69
1638702,12,20,20,13,27,11,12,7,9,8,139
704816,12,7,18,20,16,13,21,15,19,12,153
319795,6,6,13,12,28,16,6,13,12,10,122
1294645,19,20,25,22,22,28,28,29,39,46,278
205110,10,9,17,11,14,12,12,8,17,7,117
1663287,8,10,17,19,26,26,30,28,29,16,209
1302842,60,74,82,88,96,83,67,40,39,24,653
695008,11,21,20,14,25,35,31,30,30,37,254
540999,47,41,81,66,73,63,75,44,45,44,579
2384200,2,8,4,14,12,6,13,17,9,14,99
116108,10,13,21,10,14,8,10,8,2,1,97
704843,12,16,15,11,12,8,4,10,6,2,96
1376589,19,34,48,38,49,39,55,52,53,34,421
1684443,3,8,9,11,19,28,22,30,30,46,206
762191,11,17,18,28,31,42,56,94,91,124,512
319824,2,5,10,8,11,17,21,13,15,25,127
565592,3,12,4,12,4,7,10,12,16,10,90
1941850,9,9,6,7,10,12,7,15,9,14,98
1040731,10,26,38,34,52,44,53,51,44,36,388
762212,10,4,11,9,11,6,10,14,7,7,89
1352041,11,22,26,20,13,13,7,6,3,6,127
14410096,9,11,18,7,18,15,25,20,19,13,155
303475,10,11,16,14,16,21,17,14,14,10,143
1950068,0,1,2,5,15,11,20,14,15,17,100
39254761,24,37,57,78,81,114,126,143,144,128,932
1302908,9,12,15,19,16,11,10,7,4,4,107
106877,4,4,15,12,12,17,16,4,10,4,98
762240,15,15,26,35,36,45,59,52,52,54,389
139649,17,18,16,22,11,11,3,5,11,5,119
869782,3,10,12,6,11,11,13,18,25,17,126
561217,4,9,11,13,15,20,11,19,17,25,144
154348,12,4,8,13,6,7,9,13,5,5,82
1302922,7,29,37,34,48,50,59,46,48,42,400
139660,2,1,2,4,5,2,11,14,21,26,88
1272557,8,20,26,36,28,40,43,28,17,33,279
254361,12,20,24,35,38,17,20,20,21,25,232
1384860,7,8,16,15,12,13,6,27,9,22,135
74142,5,2,5,9,17,6,14,24,22,18,122
762272,1,0,5,5,8,14,15,16,30,33,127
4145576,3,1,1,4,4,10,14,17,17,15,86
1180074,9,15,20,24,35,27,17,15,16,16,194
1180075,5,7,12,11,19,31,24,37,25,43,214
254381,11,7,24,22,26,25,40,43,45,27,270
114760,7,9,19,12,11,10,5,12,3,1,89
221623,1,3,5,5,11,11,9,13,28,10,96
1319352,12,7,1,6,1,2,8,0,1,1,39
2875836,4,4,8,9,6,9,4,6,9,12,71
762302,1,4,2,12,16,13,18,27,30,30,153
2388962,0,1,4,4,9,6,4,14,13,19,74
303563,11,13,17,25,25,25,22,22,26,21,207
706522,15,13,20,27,34,25,27,20,33,26,240
74193,6,11,6,8,19,13,8,2,7,6,86
295383,19,23,20,24,11,20,11,9,6,4,147
188890,0,0,4,16,6,13,13,7,5,8,72
287195,22,22,15,21,15,25,32,21,12,14,199
573916,7,2,15,20,16,17,9,10,18,13,127
180708,3,13,12,13,14,14,10,9,9,5,102
1917415,20,29,22,15,12,15,10,18,12,15,168
573928,8,15,20,24,17,12,14,18,12,14,154
229872,14,14,21,13,7,6,7,7,8,4,101
497,14,17,17,18,11,18,17,8,13,12,145
1352179,5,6,10,10,8,13,15,11,7,14,99
311797,9,15,17,16,26,23,35,30,10,27,208
1638902,2,10,12,23,32,37,17,23,11,10,177
172535,8,8,7,10,11,14,8,6,4,5,81
1335802,6,14,13,12,16,8,10,10,3,9,101
516604,6,8,6,4,13,17,9,7,8,8,86
123389,4,15,18,27,20,21,15,29,16,11,176
164361,3,7,9,14,22,16,16,21,24,31,163
16908,11,7,10,6,7,8,7,4,5,6,71
336400,11,18,22,22,21,24,22,26,18,15,199
158467,4,10,13,16,12,15,13,17,12,4,116
658180,8,18,29,26,26,23,13,14,16,10,183
2039898,4,5,10,9,11,7,6,15,17,12,96
729630,17,20,18,19,22,9,7,3,3,4,122
1401377,6,8,12,16,12,12,7,8,4,6,91
221731,3,1,4,7,12,8,10,10,9,9,73
2056747,4,4,6,1,14,9,14,9,11,8,80
1917490,10,9,12,6,16,7,4,13,5,0,82
2400821,3,1,5,9,5,5,13,7,12,12,72
270904,17,32,29,28,25,17,12,9,13,6,188
5557,1,8,5,10,10,18,14,9,16,8,99
692320,11,11,18,15,19,13,19,17,22,11,156
713285,14,32,44,51,53,62,44,61,38,51,450
279111,19,9,9,17,9,7,5,6,3,4,88
1254839,2,5,5,10,17,17,14,11,18,11,110
318221,3,4,7,6,10,16,12,13,15,17,103
238160,1,12,13,10,14,14,11,8,7,8,98
107089,9,8,18,17,14,19,21,15,13,11,145
46621268,1,0,1,1,0,2,1,3,10,16,35
344662,8,11,14,18,17,13,16,16,14,12,139
287319,5,8,7,13,9,9,9,8,12,5,85
1253977,10,12,13,14,9,9,3,3,4,2,79
1262170,7,8,11,21,13,13,8,5,5,3,94
238171,15,18,26,27,27,13,20,8,18,13,185
705116,7,15,30,22,28,23,20,15,14,16,190
1925726,10,12,15,13,12,23,13,19,13,8,138
631399,13,16,12,12,17,6,10,10,13,10,119
270952,5,17,20,23,19,4,2,2,2,2,96
229993,10,9,8,11,6,3,7,8,2,6,70
2143677,6,10,6,13,12,13,17,16,10,8,111
320113,28,45,51,52,31,25,27,18,8,7,292
123506,15,13,3,12,5,9,8,3,5,2,75
754294,6,4,9,8,8,9,0,11,7,11,73
385129,3,8,8,10,12,7,10,7,8,10,83
1401464,3,8,14,15,14,9,9,18,22,18,130
2114169,1,2,1,11,11,15,26,20,25,26,138
139898,14,18,13,9,10,11,10,5,3,3,96
3023487,0,7,10,18,26,41,44,39,42,36,263
574081,11,17,22,12,8,5,4,2,1,1,83
270979,20,28,28,34,31,23,30,24,24,18,260
90760,5,16,24,21,10,14,12,11,14,9,136
2056841,2,1,6,8,12,13,13,17,15,19,106
311946,12,3,6,4,11,10,6,9,11,16,88
524946,12,15,28,30,38,49,38,31,30,22,293
262804,9,19,9,7,8,1,7,9,4,4,77
721558,6,5,7,15,18,15,11,7,13,10,107
1393303,4,17,26,37,26,24,23,11,14,16,198
15303320,1,1,6,6,9,10,32,11,16,26,118
459417,16,20,18,11,7,8,4,5,6,7,102
1360542,21,20,29,10,4,2,4,0,0,1,91
107170,9,10,13,19,23,17,26,29,16,12,174
303783,1,10,7,5,18,12,5,16,4,13,91
216339,4,3,7,12,10,9,11,14,18,10,98
541355,4,8,8,7,8,7,12,7,4,5,70
303796,3,13,21,26,31,37,33,36,36,32,268
170782,14,23,11,32,36,21,13,8,10,5,173
721596,10,8,8,10,18,10,25,23,17,30,159
1663679,1,3,4,3,12,19,19,22,23,37,143
680643,5,8,8,4,4,8,8,9,15,10,79
598728,5,6,8,15,14,23,33,22,16,19,161
189131,7,10,16,21,14,17,18,17,15,17,152
254670,17,17,24,24,32,34,49,42,50,29,318
1958611,2,5,10,14,15,19,15,7,6,7,100
811733,12,11,11,16,16,24,23,20,24,25,182
2048730,3,4,7,12,9,18,7,7,14,10,91
27812657,3,7,13,14,13,9,11,11,6,15,102
2097887,6,5,5,10,7,7,14,14,16,12,96
180960,5,20,17,27,20,30,33,41,30,19,242
287459,3,8,13,14,23,27,26,32,47,60,253
140005,36,46,56,59,40,31,38,24,28,22,380
803560,19,28,26,55,39,44,52,47,37,28,375
434922,1,6,7,9,12,14,12,18,16,16,111
393970,13,9,10,13,8,15,19,14,23,6,130
213749,14,8,12,13,8,8,11,6,3,2,85
27812605,4,16,30,54,61,98,141,123,151,168,846
172798,15,15,11,28,21,35,44,28,33,39,269
246528,6,5,6,4,9,14,14,6,7,5,76
2089735,5,5,13,18,24,22,32,42,30,54,245
90889,3,5,20,23,31,43,60,39,34,41,299
287499,4,7,9,8,5,10,9,10,2,3,67
109357,14,12,12,8,6,4,8,6,1,3,74
1327888,11,20,9,13,16,14,9,7,5,3,107
811802,4,3,2,4,5,11,7,6,17,8,67
197404,15,19,10,11,12,7,10,18,7,5,114
410402,3,6,6,6,6,10,9,11,13,12,82
303907,6,6,10,6,7,10,10,10,11,15,91
506673,17,24,30,34,56,54,44,52,72,67,450
413831,7,9,16,23,20,40,25,37,26,37,240
123697,17,55,58,62,59,50,45,31,31,28,436
336695,8,11,12,22,19,14,15,12,8,8,129
213816,5,31,43,54,39,31,30,26,14,14,287
1180473,6,5,6,7,6,11,6,12,19,24,102
1712956,25,41,62,78,76,62,70,92,107,99,712
197438,7,13,10,13,11,12,8,13,10,12,109
2065215,3,2,6,6,16,16,16,23,18,22,128
2564928,2,5,2,7,11,11,8,12,11,18,87
402242,3,1,10,10,11,11,10,26,14,7,103
295750,10,10,18,19,18,23,17,8,13,11,147
787271,3,6,10,10,2,10,15,13,18,17,104
746312,1,2,7,7,9,8,8,5,17,21,85
2090466,1,3,5,5,13,16,30,31,31,39,174
331917,1,6,7,13,9,23,22,24,22,32,159
2048848,3,1,2,7,7,8,14,15,12,5,74
287571,7,7,10,13,6,9,10,8,8,8,86
287573,3,14,18,28,15,28,18,14,19,12,169
271190,4,8,13,15,18,15,22,12,11,18,136
451417,14,30,23,25,37,27,20,12,12,6,206
340461,17,15,26,26,19,29,36,28,28,16,240
1712991,0,0,1,7,4,11,8,11,8,10,60
1180523,2,2,3,4,6,7,15,14,11,13,77
312173,11,9,7,11,8,20,10,17,6,5,104
1180529,10,15,16,12,7,9,16,16,15,14,130
3605367,1,3,8,5,6,14,15,13,16,15,96
238459,11,17,31,23,18,42,20,23,26,21,232
811901,9,7,10,20,19,34,36,21,26,19,201
254847,6,15,8,22,29,36,33,32,25,25,231
695104,14,26,30,38,29,22,6,5,1,1,172
164743,15,29,35,28,32,29,24,27,16,12,247
803721,1,6,10,9,20,15,9,11,10,10,101
99213,3,7,10,11,5,13,13,12,5,8,87
369553,6,5,7,15,13,9,11,10,16,8,100
385939,9,19,21,7,6,6,7,8,4,4,91
271257,2,9,5,8,13,9,10,15,17,13,101
926,7,10,15,18,11,13,14,6,8,3,105
189348,4,8,9,23,22,26,21,18,23,16,170
1606568,4,4,0,2,5,6,13,12,16,16,78
787373,7,7,11,22,30,24,34,27,29,39,230
1950639,15,49,57,94,107,97,88,90,81,46,724
117576,2,7,13,5,12,10,8,8,14,11,90
181184,7,9,25,25,25,21,21,16,9,6,164
885697,24,20,42,58,107,85,122,122,145,145,870
877509,16,16,25,23,13,26,18,15,15,9,176
803787,2,10,11,22,14,12,9,13,8,13,114
1336270,1,5,7,6,10,12,16,16,13,13,99
598995,2,4,6,11,9,18,11,18,18,15,112
566228,14,17,21,23,16,23,20,17,19,17,187
986,6,7,6,9,4,13,8,5,2,7,67
91102,6,7,12,29,19,30,31,28,23,33,218
271333,17,17,14,10,4,7,12,4,4,3,92
279527,13,25,21,24,17,17,15,17,14,8,171
148456,4,8,11,3,14,8,7,8,6,4,73
320492,21,16,16,23,12,11,11,16,5,8,139
803821,3,6,10,14,12,15,13,13,10,9,105
1324541,7,13,9,11,7,11,15,15,12,11,111
1373694,5,25,35,16,30,39,24,32,59,64,329
117588,2,4,5,8,9,18,10,11,9,9,85
197627,6,9,13,12,11,13,11,7,6,2,90
286890,6,20,8,8,10,20,5,12,4,7,100
1041406,0,5,2,5,2,19,45,108,227,384,797
1619456,2,4,29,27,34,32,34,35,25,24,246
304133,10,15,16,23,21,27,26,30,15,16,199
1041422,6,8,25,31,40,49,88,79,92,128,546
1041424,2,7,8,14,10,23,27,38,41,37,207
173075,21,53,58,68,55,36,35,30,26,18,400
140313,7,6,3,4,3,5,3,4,0,4,39
91165,2,5,4,4,5,6,16,10,8,12,72
255010,3,3,6,11,3,14,14,15,9,9,87
1352739,18,22,28,30,24,18,19,12,8,4,183
91176,2,4,6,11,8,8,9,7,5,16,76
4400171,2,5,11,11,11,18,4,10,5,5,82
164908,3,5,5,10,17,13,19,7,14,5,98
287792,5,6,17,13,22,24,16,19,18,11,151
271412,9,11,12,10,6,7,2,4,13,15,89
50231,12,18,14,15,20,24,18,14,8,6,149
590908,4,6,6,9,7,10,12,8,9,8,79
148543,4,9,14,9,13,9,12,8,8,9,95
263232,7,12,14,10,8,10,7,5,3,5,81
844865,5,2,6,11,11,11,12,19,14,18,109
156739,1,0,2,3,8,9,10,20,16,14,83
400226,14,17,11,6,4,10,7,3,10,17,99
1664079,5,3,3,3,5,12,17,14,7,19,88
263249,2,6,6,15,11,20,11,7,7,5,90
181331,6,9,7,10,7,11,2,6,4,4,66
246872,4,3,14,15,16,15,11,15,8,11,112
2090073,5,7,4,6,5,9,14,10,10,10,80
1967194,7,3,3,2,7,18,12,16,24,27,119
17507,5,4,3,5,8,7,8,6,10,18,74
304229,1,3,0,2,6,5,7,11,16,23,74
746601,18,23,7,8,14,8,9,13,10,11,121
50152564,8,15,6,9,9,10,8,13,6,6,90
2014057,3,7,5,9,9,12,10,4,11,12,82
4105341,1,2,10,16,7,11,15,14,13,9,98
1150,16,13,13,17,9,13,8,3,4,3,99
320642,3,8,11,4,14,8,11,5,12,13,89
517252,6,10,10,23,6,6,6,7,6,12,92
538134,5,4,10,11,14,9,8,10,11,16,98
590982,1,9,4,3,8,9,8,4,14,11,71
156810,7,5,9,16,18,22,30,30,28,21,186
1352848,6,3,12,16,9,14,9,4,5,3,81
4048017,1,1,7,7,7,8,5,13,13,10,72
746645,8,8,8,10,11,5,14,10,5,11,90
443543,3,3,7,10,17,34,22,20,21,19,156
443546,0,6,4,7,10,9,13,7,12,5,73
2393244,0,2,2,5,10,6,7,9,19,19,79
246942,0,4,6,8,15,12,16,3,8,6,78
197794,12,21,15,13,16,13,13,6,4,8,121
615587,0,10,7,28,12,13,16,12,21,16,135
722085,12,12,10,9,13,15,9,7,6,8,101
591015,1,4,4,9,8,11,9,11,10,6,73
812202,3,7,7,10,12,13,10,8,13,7,90
58539,8,15,15,25,16,28,19,27,22,20,195
754867,5,6,8,15,10,15,14,18,11,10,112
681140,11,20,12,10,8,8,13,4,1,7,94
2925758,5,5,5,11,16,26,19,12,13,14,126
210464,6,9,11,12,9,13,7,10,12,7,96
695158,4,15,4,15,12,9,18,2,13,6,98
99527,6,5,10,11,17,11,18,15,5,7,105
1361100,18,24,21,13,11,8,5,1,5,2,108
1418446,4,25,13,11,5,9,8,8,5,6,94
263377,10,2,11,13,16,16,10,16,4,11,109
271579,6,15,25,15,26,16,13,23,15,13,167
566495,20,21,21,11,6,7,6,3,6,5,106
39253543,24,43,33,53,49,68,73,67,66,69,545
296172,8,17,7,9,14,6,18,9,9,9,106
1287409,5,23,47,41,25,35,27,16,15,14,248
1277,11,7,17,15,14,11,5,2,6,2,90
774357,4,2,4,11,11,9,7,8,12,13,81
39253547,0,2,2,10,14,13,8,12,8,10,79
1328389,8,23,18,15,13,11,19,12,9,5,133
304391,4,11,15,8,21,16,12,16,9,6,118
296203,4,17,10,15,27,12,18,12,10,8,133
215938,13,10,13,8,11,12,8,8,6,10,99
266456,27,32,24,34,21,30,23,32,27,16,266
255251,7,8,6,5,4,11,11,6,9,6,73
156948,5,8,13,8,12,8,9,13,5,12,93
681239,10,15,34,41,38,43,42,22,23,25,293
386328,14,10,15,15,10,7,10,11,11,10,113
107804,2,18,9,16,26,12,12,15,11,10,131
99613,7,12,19,14,16,11,7,11,3,9,109
705822,7,5,17,18,15,22,23,20,20,21,168
861475,10,18,27,18,18,19,20,25,11,21,187
2172200,6,7,4,7,4,5,11,15,12,9,80
17708,7,19,7,4,9,10,14,6,7,6,89
116015,7,11,19,16,11,15,13,18,19,11,140
173363,9,5,9,15,13,18,20,15,9,12,125
2032949,1,2,9,6,16,14,11,14,7,9,89
410934,31,44,47,51,36,46,25,16,22,12,330
1456703,8,8,16,13,13,17,18,22,10,8,133
2008378,11,9,9,11,10,9,12,7,8,9,95
288060,10,12,20,23,29,13,18,18,22,29,194
3679554,13,12,20,26,16,21,14,8,4,1,135
2385222,2,8,10,10,25,18,19,25,20,19,156
435529,2,6,18,21,30,34,32,31,34,36,244
738636,338,315,347,309,318,258,231,169,157,132,2574
615758,10,10,15,17,17,13,8,12,10,11,123
228237,8,17,9,22,12,21,16,16,10,15,146
247123,13,13,18,9,21,23,34,42,26,21,220
2153358,5,7,4,6,6,13,8,8,10,9,76
165206,5,11,13,32,29,43,30,31,23,24,241
3605851,5,11,18,21,28,17,13,20,7,13,153
288094,7,7,6,10,5,6,4,6,10,7,68
2008415,12,22,24,39,30,31,40,43,28,42,311
238951,1,0,10,8,18,19,13,9,15,15,108
836969,9,12,14,18,26,36,52,62,53,58,340
607596,3,16,17,18,12,3,9,4,3,3,88
288112,9,10,9,14,7,6,4,3,8,8,78
107890,5,8,3,5,4,7,6,4,8,3,53
107892,6,4,4,10,11,7,10,8,6,3,69
329078,6,8,10,11,8,7,11,4,1,6,72
1295735,4,9,15,14,13,13,8,3,3,4,86
3515770,0,0,1,9,10,11,12,22,20,25,110
607612,15,28,32,38,36,34,29,28,11,18,269
3859840,1,4,7,7,1,13,12,12,14,16,87
451971,2,3,11,9,19,16,6,6,2,8,82
681352,8,8,20,26,35,33,23,25,9,16,203
165260,4,6,6,13,22,8,17,23,10,22,131
1353101,2,10,3,13,11,29,25,19,17,24,153
2000271,4,5,8,14,12,16,20,28,23,19,149
214422,14,14,20,19,13,11,4,6,8,4,113
126073,7,6,11,13,19,19,17,9,13,10,124
804250,7,17,16,11,27,18,17,10,12,11,146
2090395,1,2,3,7,8,11,13,17,11,34,107
869792,2,1,9,12,11,11,19,13,20,22,120
2155937,44,58,63,62,75,84,72,96,109,104,767
869794,9,16,16,18,28,15,16,22,16,13,169
107943,3,7,5,9,14,10,13,15,11,13,100
771504,3,8,24,23,11,22,18,23,9,9,150
1461,27,28,28,33,32,26,30,25,11,20,260
1307284,7,8,10,9,13,7,12,10,6,5,87
430324,1,7,10,13,11,10,9,7,11,3,82
239035,3,6,6,16,12,14,12,6,8,4,87
1361344,0,2,0,3,14,15,16,21,15,14,100
353738,6,7,2,1,7,12,11,10,5,8,69
598263,4,1,2,5,3,10,7,9,10,13,64
206285,10,6,8,6,10,3,7,3,4,1,58
3917263,24,26,31,23,18,10,10,5,2,2,151
771662,3,4,10,8,5,6,8,13,7,3,67
47007192,1,2,2,3,4,4,9,7,11,13,56
75232,6,8,6,11,13,12,15,4,4,4,83
1279458,6,16,12,10,14,9,15,11,5,4,102
239077,6,10,16,16,11,6,9,11,9,4,98
206314,0,4,7,19,22,21,7,19,11,9,119
14444015,6,9,9,18,8,22,21,24,36,21,174
353776,7,5,13,13,11,10,8,5,3,10,85
484853,10,8,13,5,5,14,16,13,16,5,105
1336822,6,14,8,12,13,12,10,14,10,10,109
1361781,2,3,8,11,13,8,8,12,10,7,82
577792,7,6,6,9,8,11,12,11,11,5,86
296451,4,11,17,30,19,16,14,15,5,6,137
288260,9,1,7,5,4,6,10,12,12,11,77
329222,10,15,23,26,30,31,30,41,35,41,282
263688,21,30,21,21,35,36,31,24,26,32,277
296458,1,3,8,3,9,18,7,15,10,4,78
2024971,8,10,7,8,6,12,6,13,8,11,89
3409424,0,1,2,6,9,7,6,14,9,9,63
1328662,8,12,15,12,5,10,11,10,5,8,96
1254939,4,7,8,12,8,6,6,6,2,8,67
2090530,12,23,20,37,44,40,41,46,34,40,337
34340,7,4,14,12,3,13,18,11,8,7,97
2074150,3,4,10,6,11,20,17,7,9,10,97
607785,4,26,28,31,51,50,80,75,68,75,488
2041386,1,10,11,12,13,13,17,14,17,15,123
14444076,0,1,1,2,9,4,8,14,19,32,90
172296,7,8,13,13,12,9,14,11,9,9,105
607794,0,3,8,9,8,4,9,9,4,9,63
1386035,1,4,8,14,8,7,11,14,8,7,82
402997,8,15,11,14,15,10,22,12,5,7,119
15246907,1,0,8,14,32,34,27,29,61,77,283
3720767,10,19,9,25,18,16,12,12,16,13,150
280131,6,14,14,15,10,10,14,21,12,13,129
2115143,3,12,14,7,6,7,11,11,16,6,93
697929,11,7,18,12,9,12,10,13,15,14,121
75342,4,9,10,17,8,9,7,11,11,12,98
706128,5,2,8,10,10,15,9,20,17,16,112
14444115,2,2,4,1,8,8,10,7,13,19,74
2057818,0,7,5,8,14,10,15,15,9,13,96
304739,5,4,11,14,21,24,25,25,32,31,192
2057838,6,8,11,11,24,23,17,17,13,19,149
706164,7,6,11,9,9,17,8,8,13,14,102
1681018,7,3,12,17,5,11,14,16,9,9,103
763523,9,5,19,16,18,20,14,21,14,10,146
114624,19,27,28,33,39,28,14,25,23,12,248
137265,6,7,7,9,7,13,9,13,12,10,93
1361548,21,45,95,119,173,183,215,177,166,165,1359
231056,16,11,9,11,7,9,10,4,6,12,95
34453,2,5,10,13,16,9,22,6,5,8,96
665239,2,6,7,14,11,9,9,5,16,6,85
124569,6,4,9,11,13,24,22,21,23,25,158
206496,7,6,21,13,14,8,12,7,9,11,108
788138,3,8,13,12,18,22,28,29,25,19,177
181932,7,10,10,16,9,11,12,5,4,5,89
370357,1,6,10,11,23,13,27,16,25,7,139
1754806,8,12,16,18,15,19,18,18,15,15,154
296633,34,25,28,26,23,22,16,6,0,5,185
59066,9,17,22,31,32,41,42,67,48,64,373
706235,3,1,2,6,4,5,9,15,11,11,67
468669,10,25,21,33,54,65,80,96,85,96,565
1296067,5,6,16,19,29,51,41,34,42,40,283
799009,15,12,16,8,13,20,12,15,19,16,146
1328840,9,21,18,20,16,22,24,25,16,17,188
116425,6,8,18,14,23,19,9,6,12,11,126
2115274,1,3,11,7,8,32,29,49,44,67,251
1296075,285,364,399,455,497,628,767,704,800,864,5763
1595290,0,1,4,5,4,7,11,5,13,16,66
526034,3,15,20,15,16,16,5,10,20,17,137
616147,30,27,28,31,18,23,21,15,12,12,217
4089560,35,44,41,64,60,88,68,75,101,84,660
363471,0,10,6,7,15,9,9,12,17,14,99
91870,0,5,8,6,3,10,13,14,8,2,69
2033376,9,11,17,13,24,19,19,22,35,11,180
108262,9,12,21,27,35,30,37,32,25,28,256
313070,7,9,9,14,9,13,8,12,8,7,96
182001,1,4,8,9,13,14,12,16,12,8,97
698100,9,3,12,6,5,10,10,13,6,6,80
214774,6,7,8,10,15,9,4,1,5,4,69
2019741,2,2,5,11,7,10,13,14,9,16,89
1255163,87,104,124,143,118,118,103,88,73,65,1023
698109,20,19,16,18,11,18,14,13,10,17,156
1640191,3,7,7,9,6,5,13,10,12,9,81
19392260,10,4,12,13,21,15,19,17,13,18,142
114988,11,20,29,29,41,63,63,63,89,67,475
160456,7,11,8,7,8,11,9,8,7,10,86
296720,5,12,13,18,14,15,7,7,7,2,100
386834,12,15,7,14,11,19,10,15,10,6,119
10004,2,3,6,6,10,9,10,7,18,16,87
853787,2,2,10,5,7,7,7,9,11,12,72
166874,9,14,8,6,4,7,8,7,6,6,75
14489221,3,12,24,40,55,73,72,116,96,109,600
255777,22,30,43,79,89,105,103,135,113,144,863
861990,5,6,4,13,7,14,7,14,7,5,82
206633,11,12,13,18,17,11,21,24,14,16,157
59180,8,20,14,9,12,8,14,13,14,7,119
837425,5,12,9,12,15,13,16,7,8,5,102
1312575,10,8,15,13,24,16,22,13,16,23,160
1042246,8,3,5,10,5,8,10,18,25,17,109
247625,23,44,56,52,65,57,52,52,70,64,535
1705802,0,0,10,6,11,21,14,15,17,20,114
837453,2,2,12,10,10,7,10,11,8,9,81
19392335,7,7,6,13,9,18,18,14,25,13,130
788304,8,11,4,10,16,10,12,22,16,35,144
837461,2,7,12,13,12,14,16,6,6,12,100
75607,7,18,12,19,23,20,27,37,23,43,229
296798,20,25,36,26,29,24,23,13,11,9,216
3856016,2,24,95,155,174,198,183,153,96,76,1156
264036,12,25,21,21,8,9,10,16,12,13,147
2049898,10,19,14,17,19,16,15,8,4,6,128
1337196,4,19,9,11,9,7,9,3,4,0,75
1296245,7,13,25,24,29,30,30,30,36,19,243
337785,8,14,16,18,18,21,29,11,4,13,152
837498,4,3,7,8,13,11,14,8,6,13,87
837501,2,7,10,10,13,5,12,3,5,5,72
1279141,5,22,27,27,14,18,8,12,20,14,167
321410,6,8,22,9,10,10,14,13,23,25,140
1386373,0,1,2,8,8,24,33,33,30,52,191
321414,14,14,20,23,22,21,15,15,12,8,164
274812,2,22,20,15,31,34,16,22,20,13,195
296844,4,10,8,8,11,8,6,9,8,6,78
1288082,7,14,13,16,7,15,12,9,12,6,111
1992595,11,7,13,4,5,13,8,12,9,3,85
1746837,11,17,4,8,6,5,1,7,6,4,69
2049942,8,10,18,24,33,34,25,22,36,26,236
1746840,7,3,10,5,6,7,8,4,6,7,63
42907,8,17,16,18,22,25,19,20,19,14,178
780190,2,8,4,8,8,8,5,9,6,9,67
1959839,7,6,16,17,13,31,17,8,11,17,143
1959840,17,18,21,25,24,31,34,35,32,34,271
485281,6,15,21,19,19,27,12,22,6,7,154
681890,18,16,21,42,18,22,37,27,24,24,249
1468326,7,20,15,9,5,9,9,6,5,1,86
2090921,64,63,69,44,40,36,38,18,13,15,400
870314,1,1,7,4,2,9,9,10,10,12,65
2836395,0,0,5,3,7,4,9,17,6,13,64
272302,12,12,15,11,14,6,7,4,2,1,84
313270,9,9,14,25,20,42,20,35,24,23,221
837563,6,4,7,7,12,11,8,8,10,8,81
198590,10,16,24,20,20,19,9,10,10,10,148
149439,8,23,19,19,26,23,22,28,38,28,234
51139,8,5,13,8,5,6,7,4,6,4,66
1353672,3,10,7,11,17,9,16,10,11,10,104
121847,10,12,13,20,14,8,17,13,20,13,140
2000847,12,8,12,9,6,13,8,3,6,9,86
193742,20,30,23,50,41,49,37,29,24,24,327
247761,8,14,15,9,13,11,7,6,1,1,85
813011,7,13,16,15,14,15,18,7,7,14,126
788438,7,7,15,4,11,8,19,12,14,10,107
198616,19,15,11,7,16,5,7,7,7,4,98
401057,6,15,17,9,22,18,19,12,10,7,135
583642,5,9,11,9,4,11,9,11,8,9,86
272347,6,7,10,9,7,6,12,11,11,3,82
1279973,39,35,31,61,48,54,62,60,68,78,536
3606503,3,6,5,10,10,7,7,10,11,12,81
133096,2,6,1,8,13,11,12,18,10,12,93
1296364,4,7,6,10,12,17,10,7,14,10,97
1681389,4,12,10,10,11,7,9,9,7,8,87
223216,6,20,29,36,22,23,26,16,15,10,203
1370099,53,57,57,59,63,64,68,54,46,51,572
231416,9,8,18,15,23,38,37,38,35,38,259
1681402,8,12,14,11,11,11,11,6,2,12,98
206848,7,13,8,12,8,11,7,16,7,8,97
1932289,2,7,5,10,8,12,8,8,6,8,74
59401,17,30,30,30,36,32,22,23,23,20,263
190476,12,27,14,19,15,26,24,15,13,18,183
67597,6,13,8,17,22,40,32,30,35,46,249
2082832,4,6,5,4,9,10,11,9,9,15,82
69976,1,4,10,6,20,11,16,14,7,7,96
682005,11,18,38,40,33,24,29,21,20,13,247
157720,2,11,8,13,14,15,14,13,19,12,121
1296410,7,7,13,11,11,6,3,7,11,10,86
2705436,0,3,7,7,5,12,8,25,11,32,110
1362949,6,12,16,26,16,20,24,12,26,19,177
206883,25,16,25,27,34,33,30,22,15,23,250
804907,1,1,7,5,11,6,5,10,12,8,66
366259,6,16,16,12,6,13,13,2,6,7,97
395322,8,18,18,23,29,25,27,19,22,24,213
1976386,15,34,56,61,78,84,115,113,124,118,798
179212,9,7,10,8,9,10,1,7,2,2,65
895050,4,8,18,19,13,9,13,16,10,9,119
288845,6,7,6,9,11,21,12,16,10,10,108
2128,8,11,9,13,17,21,16,10,8,9,122
108626,4,2,3,7,9,7,6,9,10,6,63
313428,13,15,20,18,13,13,13,9,4,2,120
239707,11,20,25,28,34,40,21,23,7,5,214
92254,1,7,14,7,10,9,5,8,5,4,70
534627,4,3,3,6,12,12,11,10,1,13,75
51304,6,6,10,12,21,28,25,27,25,41,201
403561,24,47,47,50,69,63,47,51,50,42,490
3212989,5,12,17,22,34,34,30,32,22,21,229
600178,4,6,6,7,4,7,12,9,10,4,69
313461,17,14,26,36,31,39,43,55,39,43,343
354424,13,26,21,19,13,10,8,6,8,1,125
346235,5,15,21,15,21,13,13,15,6,6,130
51324,3,3,10,11,3,20,12,16,22,20,120
75902,9,19,8,6,12,8,8,4,4,11,89
247935,8,14,7,7,5,6,9,12,14,11,93
231555,4,14,21,23,18,26,22,20,9,19,176
3975305,5,10,8,14,12,9,11,2,2,1,74
149643,12,14,12,9,11,10,9,6,10,10,103
2377870,2,15,25,49,57,70,56,46,30,29,379
149651,11,8,25,27,40,43,34,33,33,39,293
272532,12,12,11,8,11,9,15,15,14,10,117
223381,2,2,6,7,9,6,11,5,8,17,73
469142,1,3,5,6,14,7,10,15,13,8,82
215191,15,20,43,42,51,47,55,45,56,53,427
262512,5,6,17,16,15,20,20,16,18,17,150
19392677,7,7,4,10,7,7,15,25,16,26,124
682154,16,16,21,26,15,23,12,19,11,4,163
2091181,9,13,23,22,21,23,34,42,38,42,267
452782,18,4,10,28,15,25,16,14,22,23,175
2025654,2,1,12,9,15,27,33,26,43,41,209
64543,16,16,14,31,31,21,8,11,9,7,164
635253,21,21,23,23,21,31,22,16,21,16,215
813248,6,3,2,6,6,3,9,9,10,22,76
198347,10,7,12,19,36,35,26,31,22,34,232
551109,27,19,23,17,18,15,17,15,12,17,180
84166,10,13,10,15,21,23,28,13,19,22,174
223434,9,7,5,5,10,12,8,9,7,3,75
600267,11,12,15,14,13,16,21,10,10,4,126
682189,19,30,47,26,57,36,25,25,25,16,306
2025686,17,29,46,65,70,84,106,108,112,112,749
420060,4,4,10,17,17,19,13,6,5,2,97
280802,6,8,7,11,8,6,19,7,7,3,82
805926,5,2,4,5,13,10,13,7,9,15,83
329961,8,10,12,13,13,10,7,7,3,3,86
1911019,20,55,103,185,245,272,355,474,501,602,2812
239579,12,13,8,15,18,14,7,14,12,3,116
100591,5,7,10,13,8,9,7,6,11,5,81
215283,4,8,19,18,13,10,6,3,4,2,87
76020,3,0,13,2,10,12,7,11,14,13,85
837880,3,11,20,21,20,24,13,15,14,13,154
837881,2,4,8,9,19,16,19,19,23,19,138
370940,5,10,7,3,6,10,4,8,11,5,69
1468672,5,8,14,13,15,10,13,5,8,2,93
12468608,2,1,4,4,7,7,7,9,17,19,77
1468674,10,14,25,27,39,24,26,40,40,28,273
289028,7,10,2,13,13,16,10,10,9,7,97
274817,12,18,29,34,36,42,45,37,32,33,318
67849,11,10,10,16,8,4,7,10,5,10,91
117002,3,6,5,5,8,5,8,13,7,10,70
215307,2,6,9,8,16,13,11,11,12,14,102
297229,14,17,11,16,9,16,8,8,10,10,119
780559,4,3,5,6,3,3,10,18,8,10,70
346388,13,23,5,4,7,3,7,7,10,7,86
133397,19,21,34,28,28,29,18,19,16,7,219
162863,3,8,6,11,15,12,6,13,13,11,98
1337630,8,9,10,22,16,15,13,16,10,12,131
3590435,3,5,5,9,19,16,15,14,12,25,123
821547,12,15,12,16,27,25,42,58,56,59,322
1509678,6,8,8,10,17,22,18,18,21,23,151
526639,29,59,80,87,83,108,113,107,87,81,834
295305,4,6,9,12,8,9,10,6,10,6,80
4112778,4,4,14,20,16,14,10,8,6,9,105
182610,14,21,17,37,42,35,49,32,35,40,322
788820,4,6,3,7,13,10,15,17,10,21,106
551253,15,20,17,12,4,12,5,4,6,8,103
3369305,11,8,7,7,4,5,4,10,5,5,66
2025820,2,11,4,9,8,9,5,7,5,10,70
1182046,0,3,7,7,8,16,7,14,11,5,78
272735,6,11,4,15,8,13,10,7,8,4,86
403808,13,13,10,9,15,16,9,6,9,4,104
313700,18,22,8,8,6,3,5,5,6,1,82
2380177,9,16,8,15,13,25,15,19,22,7,149
2034028,21,17,31,52,56,65,77,65,86,82,552
2058609,3,5,9,6,7,9,13,17,12,13,94
813430,12,17,12,19,16,24,14,12,13,14,153
551292,15,11,12,9,15,7,5,2,2,1,79
1354115,8,11,26,37,54,46,36,34,29,36,317
502151,13,8,9,9,6,6,6,5,6,9,77
158088,31,44,53,58,66,80,84,85,90,73,664
289161,16,14,5,13,4,5,6,10,5,10,88
223628,2,4,12,12,17,12,6,6,17,17,105
280980,6,12,16,15,10,7,6,10,6,7,95
3287446,19,17,9,4,6,4,4,3,3,1,70
2091427,4,2,4,5,12,7,19,14,20,22,109
2014278,11,29,28,28,37,31,36,32,46,56,334
2034087,1,4,1,5,11,7,12,9,17,18,85
248239,2,7,12,9,12,11,11,11,18,14,107
2714032,4,10,8,13,8,7,8,5,9,6,78
592307,8,12,34,31,39,62,53,61,56,43,399
242078,4,7,3,8,11,13,5,11,9,9,80
1288631,11,7,10,8,9,10,6,12,6,1,80
1681851,2,6,8,9,15,13,17,16,24,16,126
108991,3,6,12,12,34,40,47,28,42,40,264
3287488,3,9,7,12,8,11,13,17,13,15,108
879045,17,17,9,7,6,6,5,2,3,6,78
879048,16,21,22,33,29,25,24,17,11,13,211
190934,8,6,9,8,10,6,6,8,3,9,73
3550621,6,7,15,20,37,45,49,38,46,35,298
297436,23,24,31,43,34,35,27,22,22,17,278
395741,7,10,5,16,8,5,6,4,1,4,66
1468896,4,2,6,11,9,13,15,14,20,18,112
1329633,15,19,25,34,47,73,85,70,69,54,491
125415,5,12,12,6,16,23,18,19,24,23,158
2673129,6,3,6,8,5,4,9,12,8,14,75
2083308,0,4,7,5,10,19,26,33,46,39,189
2122878,0,4,15,18,29,60,96,81,114,159,576
256494,2,5,4,11,21,16,17,12,22,10,120
188840,13,9,18,6,12,14,5,4,3,4,88
264696,2,9,6,20,21,27,24,33,26,18,186
1296889,11,10,10,10,4,8,12,8,7,9,89
428540,7,11,10,14,11,12,20,7,8,12,112
762282,3,2,5,9,9,3,11,11,18,8,79
272899,1,4,12,8,12,10,10,8,3,6,74
3295752,3,6,13,11,10,17,6,14,5,10,95
223753,13,25,31,28,38,25,44,33,24,17,278
1042961,13,16,15,23,29,23,37,25,33,39,253
182805,4,12,16,10,21,12,5,5,13,6,104
1255966,1,7,11,12,8,12,14,13,14,4,96
191011,8,10,16,18,15,15,17,5,8,11,123
330276,7,9,11,11,12,27,25,15,13,16,146
1280549,148,221,259,350,363,446,507,573,548,601,4016
125480,7,6,11,12,23,16,18,21,11,9,134
1354282,4,10,10,6,12,13,12,10,11,10,98
215595,2,6,15,14,21,38,22,28,29,18,193
150061,4,0,3,4,9,11,19,19,14,19,102
1657949,2,9,3,8,24,15,30,38,39,47,215
23407152,3,3,6,14,8,9,9,11,13,12,88
297522,1,5,9,8,12,21,10,14,17,15,112
1665588,1,15,4,8,14,14,10,21,13,20,120
1509944,0,4,7,5,8,9,11,16,17,21,98
1509947,3,4,1,6,10,8,8,22,15,21,98
1665602,7,15,15,28,45,35,45,47,43,68,348
313923,3,15,14,11,7,8,9,5,7,3,82
19393092,3,12,8,8,14,7,6,8,8,8,82
199237,51,51,87,108,107,98,96,100,104,105,907
1665608,7,15,13,24,26,40,61,55,55,54,350
304908,5,3,10,12,6,9,11,6,11,11,84
2075210,0,4,2,17,9,9,10,5,4,2,62
387662,2,11,12,14,11,11,13,13,10,7,104
764497,8,8,10,12,16,14,11,11,12,3,105
281171,5,9,3,7,6,12,10,11,7,8,78
68181,2,10,12,10,17,7,6,4,5,6,79
772698,23,17,14,15,13,13,11,5,4,4,119
715355,14,14,15,16,9,12,12,2,7,10,111
2017886,9,9,13,15,12,9,9,6,12,7,101
2050657,3,5,10,6,6,8,9,27,18,24,116
109154,10,10,7,11,13,8,8,7,6,11,91
780899,3,17,15,17,23,12,22,26,21,25,181
551525,25,22,22,13,10,10,8,5,3,3,121
1455656,5,9,2,9,6,9,10,11,14,11,86
1262012,26,45,48,47,56,58,49,41,40,49,459
231186,13,19,23,20,18,14,21,11,3,6,148
731760,0,5,14,9,22,3,16,6,13,16,104
559730,1,4,3,9,8,11,18,10,9,12,85
232054,6,10,15,16,7,11,7,7,6,9,94
1586964,9,14,10,12,8,17,12,12,10,9,113
772734,3,5,6,11,14,15,13,25,28,32,152
243477,5,8,14,8,9,21,15,11,16,12,119
559745,5,3,8,6,8,7,11,8,8,7,71
551554,15,25,13,13,15,13,10,4,8,9,125
223875,4,6,21,27,26,10,15,20,21,23,173
846470,4,13,20,29,25,22,20,16,21,18,188
2656904,7,15,19,9,8,4,10,3,4,4,83
1354379,51,80,122,211,165,159,165,144,107,83,1287
807362,21,21,23,35,27,36,36,39,22,25,285
232081,17,38,45,63,84,89,82,92,76,112,698
1993366,6,9,14,9,12,10,10,8,12,8,98
559779,1,0,6,11,14,18,22,21,16,29,138
379557,38,40,33,24,12,16,15,14,4,8,204
27093670,5,10,3,8,14,15,11,24,18,23,131
27093671,17,14,27,19,19,26,10,17,15,12,176
256682,1,5,13,13,14,8,10,4,4,4,76
174769,6,24,25,35,61,103,122,182,192,225,975
215730,21,23,32,35,41,44,27,23,23,22,291
297658,5,6,4,7,6,7,8,5,13,13,74
756411,0,1,4,9,22,23,20,22,27,32,160
289909,1,3,7,8,16,12,10,8,8,12,85
862914,6,12,15,21,15,9,11,15,11,10,125
240323,24,18,14,13,19,12,9,14,6,11,140
846536,6,11,26,15,10,10,2,1,0,0,81
297673,15,28,21,24,16,18,18,4,6,8,158
92880,4,9,5,9,21,30,27,24,22,19,170
412793,19,32,29,32,38,35,27,18,30,31,291
1288933,13,31,26,40,28,42,26,35,24,16,281
1665770,1,14,6,7,15,12,15,17,10,14,111
46623469,1,5,7,12,16,9,12,12,13,14,101
1264366,13,20,23,19,23,17,19,13,18,7,172
150257,2,2,4,4,6,4,8,7,14,9,60
142067,31,35,53,75,103,104,119,119,109,113,861
199412,2,12,19,21,14,13,14,15,8,6,124
2026238,3,9,12,14,13,10,23,30,30,36,180
2059010,5,3,10,14,21,18,21,9,20,23,144
822019,0,2,4,10,7,5,8,8,10,7,61
174852,10,23,20,17,15,7,3,3,0,3,101
256777,13,17,20,31,39,21,18,29,13,28,229
248591,11,9,5,11,19,3,5,3,4,6,76
101138,11,12,16,12,14,13,6,3,3,2,92
384131,13,11,17,35,30,27,24,33,31,41,262
2788135,16,23,38,37,64,26,42,29,25,20,320
543529,2,4,6,14,14,21,11,11,3,5,91
199466,17,43,107,180,235,255,341,366,404,368,2316
805677,2,13,7,6,6,14,12,8,8,2,78
50178865,4,3,5,7,10,9,9,9,8,4,68
281394,1,3,21,36,37,19,14,24,20,14,189
1289011,6,10,12,13,9,11,10,3,7,3,84
1184224,4,11,10,16,18,31,41,42,48,46,267
146580,8,5,7,17,27,18,15,17,12,15,141
1184225,3,1,8,25,19,15,26,21,23,23,164
207688,34,42,66,97,98,75,80,89,80,82,743
396106,6,11,8,11,6,12,10,8,6,11,89
822094,29,19,34,26,32,33,36,23,28,26,286
1367181,8,14,18,22,21,36,33,34,40,29,255
166740,16,10,8,9,21,18,19,27,22,14,164
1657690,7,6,9,8,13,12,9,12,7,7,90
2132832,3,15,23,32,43,55,59,70,92,89,481
1969004,4,7,16,17,22,12,19,4,11,1,113
306038,31,27,19,19,23,15,11,10,4,6,165
131336,11,9,10,8,8,13,14,11,6,4,94
469881,6,13,9,24,6,7,8,8,8,7,96
355201,10,4,9,6,7,10,8,7,6,5,72
1256322,4,2,4,14,3,17,15,14,11,13,97
1371018,9,8,9,5,14,8,14,10,13,4,94
248719,6,5,10,17,14,9,11,10,9,8,99
854928,8,8,7,23,12,12,10,3,4,7,94
1354645,58,111,164,155,120,132,125,108,111,82,1166
14363548,10,13,14,18,13,13,13,5,4,4,107
2640797,2,2,11,4,9,10,6,12,8,7,71
781216,16,17,16,8,15,7,10,5,16,9,119
201200,3,3,8,7,14,13,16,8,12,3,87
205297,6,18,23,20,14,16,8,8,4,4,121
3353525,9,25,33,38,37,37,30,34,17,12,272
592825,7,8,9,18,14,7,13,11,6,10,103
191418,9,20,10,27,33,31,36,38,34,39,277
576444,10,22,10,12,23,18,32,26,20,30,203
232381,2,6,6,9,11,19,12,17,11,12,105
43968,17,30,26,23,18,10,6,8,6,4,148
11207,1,3,7,7,9,9,9,23,10,19,97
338889,16,17,24,20,30,35,36,42,40,34,294
537079,2,2,2,8,8,12,7,10,8,18,77
306127,13,9,16,8,13,3,9,2,4,6,83
273360,7,5,15,4,10,11,7,7,9,3,78
125910,10,9,6,7,9,3,8,3,5,4,64
1321946,2,14,28,22,43,23,40,22,9,7,210
109536,3,6,15,9,20,22,17,26,22,27,167
314338,11,10,11,9,15,10,5,14,9,8,102
404457,1,6,13,6,5,9,9,9,9,8,75
101358,9,13,21,19,24,23,17,16,12,11,165
2089469,8,16,10,8,8,12,10,4,4,6,86
2059249,3,14,14,14,18,25,18,18,19,25,168
317267,8,4,14,12,17,7,10,6,11,11,100
183291,34,42,49,66,70,71,61,69,79,60,601
1248253,19,12,15,11,15,15,4,4,2,0,97
68607,6,15,6,7,12,11,7,4,1,1,70
560129,1,3,6,10,8,23,29,24,23,31,158
289797,22,27,19,13,5,6,7,5,6,6,116
76809,2,5,3,3,6,8,8,10,10,8,63
68620,4,4,10,7,8,10,8,3,9,7,70
774658,11,12,22,12,14,10,9,10,13,7,120
216081,3,9,20,15,12,7,9,15,6,5,101
289811,2,13,12,14,12,9,19,10,9,13,113
3615765,7,14,19,17,10,12,7,8,2,0,96
371734,2,5,7,5,9,4,6,4,8,13,63
1395736,10,14,26,23,46,27,21,34,16,11,228
674846,7,21,33,31,44,63,75,90,99,116,579
1272863,9,9,7,11,13,20,10,4,4,8,95
1305636,7,6,15,14,11,10,12,4,1,3,83
191525,7,7,9,14,15,7,12,6,12,10,99
486438,14,14,16,4,12,6,12,6,8,6,98
1281068,6,8,9,11,6,14,9,8,11,3,85
674994,9,5,10,9,8,8,11,12,10,12,94
3119,8,9,6,10,20,17,14,12,9,17,122
1412144,5,6,10,7,9,9,12,10,23,15,106
1354801,5,18,32,27,42,44,41,52,46,57,364
593075,5,10,15,5,10,9,6,5,2,3,70
347189,7,15,18,24,30,24,22,20,20,21,201
2026552,2,12,16,24,29,45,39,44,47,50,308
1395772,2,0,3,10,8,18,15,12,21,26,115
1248319,12,16,17,15,16,9,1,2,0,1,89
1304417,5,1,3,13,8,9,10,11,14,3,77
3145,8,16,11,6,14,11,14,14,11,14,119
277252,0,4,17,12,9,19,13,11,7,9,101
674906,5,9,10,9,9,8,12,3,6,6,77
1469531,9,3,7,5,13,13,5,11,9,7,82
576605,6,4,7,8,5,2,3,14,9,12,70
1469535,4,11,9,11,12,11,11,9,2,11,91
1469540,7,5,5,4,13,9,11,17,18,15,104
1404009,1,4,7,8,16,11,14,9,13,14,97
1469546,4,6,4,2,6,12,9,17,8,16,84
1387637,10,25,18,13,14,12,13,10,9,5,129
822392,11,22,41,30,34,29,32,27,18,7,251
1387641,5,5,6,5,12,7,11,10,7,12,80
206700,5,24,32,35,43,34,27,23,30,23,276
1313940,2,13,13,16,18,21,10,15,10,15,133
248984,12,18,19,16,16,13,17,6,5,4,126
765087,6,4,13,10,10,11,9,6,7,4,80
593056,11,13,15,7,9,6,5,6,4,4,80
224419,7,6,8,5,7,7,8,10,7,12,77
1043627,4,9,6,15,12,11,19,11,6,6,99
756909,2,5,9,7,18,9,13,3,5,3,74
208046,5,13,18,10,15,14,16,6,11,8,116
265394,2,5,6,10,4,12,16,13,12,10,90
15243123,4,4,11,14,8,12,14,23,18,17,125
560314,6,13,12,10,28,19,14,14,13,14,143
2403515,2,2,1,6,9,3,10,7,8,12,60
289981,6,10,25,11,24,26,16,22,26,18,184
1264831,0,0,5,4,4,6,15,13,20,21,88
208064,9,5,16,16,13,3,6,7,7,3,85
765130,9,30,23,36,43,60,27,30,23,31,312
1176098,9,6,7,6,8,13,8,5,14,14,90
1928400,0,4,7,7,7,16,24,39,28,28,160
1174743,5,4,9,10,18,12,25,17,12,24,136
1404122,7,23,23,20,28,12,13,33,17,28,204
2026715,5,10,28,37,40,35,34,25,18,19,251
1314014,7,9,22,12,23,31,28,28,34,40,234
191713,1,1,2,2,3,12,11,11,13,14,70
290019,3,10,10,10,24,26,23,26,14,21,167
1658090,2,7,5,5,5,12,21,12,15,22,106
412914,4,4,13,13,15,18,7,9,9,6,98
1912058,2,10,4,6,19,17,11,14,16,10,109
290624,11,13,15,19,13,15,11,11,3,6,117
208132,5,7,12,12,14,14,22,12,16,10,124
306438,2,3,6,7,8,15,15,15,15,10,96
265481,8,11,15,23,23,20,14,13,17,8,152
3403019,1,0,10,5,9,11,5,6,11,19,77
2002189,1,4,5,6,9,12,11,13,16,13,90
85262,11,18,34,36,55,58,42,34,33,31,352
286260,6,7,15,8,13,9,8,11,10,7,94
1248531,110,131,161,164,146,142,116,107,100,97,1274
167189,15,21,19,24,17,21,16,19,22,30,204
634144,5,8,7,14,12,6,11,3,5,6,77
290081,3,14,10,12,15,11,9,10,7,4,95
1746822,15,19,25,22,42,29,25,26,35,27,265
2100519,8,10,11,6,14,10,8,9,8,4,88
1322282,9,22,21,23,15,14,21,19,18,26,188
1346860,3,7,13,15,17,23,18,21,10,15,142
307762,9,14,13,24,36,37,61,65,75,85,419
3878196,4,7,10,5,9,11,13,25,29,29,142
273717,28,56,68,35,30,34,44,29,20,12,356
560438,9,16,24,17,15,18,20,32,27,29,207
338090,14,12,7,12,4,8,4,5,6,5,77
2059579,7,7,3,4,9,9,9,11,13,9,81
126269,1,2,7,8,14,9,15,11,10,11,88
118084,4,10,13,9,9,15,17,8,16,2,103
1256773,72,115,114,115,72,68,59,40,35,22,712
1289546,6,5,12,10,12,19,11,7,3,4,89
814411,4,9,12,12,15,14,19,13,13,16,127
257359,22,38,42,57,48,34,33,41,39,33,387
699729,1,3,3,9,8,9,7,5,11,8,64
306516,9,21,24,27,28,19,25,14,7,8,182
1428822,7,18,38,68,55,76,100,107,130,135,734
1428824,5,13,19,18,22,18,18,14,11,14,152
1035609,5,2,4,12,15,8,12,13,12,13,96
4099419,3,2,12,18,20,13,19,12,9,6,114
626012,11,18,25,16,27,37,40,49,35,36,294
298334,12,15,22,39,119,143,174,188,235,366,1313
839011,4,10,6,12,16,8,20,9,11,10,106
1371500,7,31,42,40,31,39,24,13,17,13,257
1746834,7,5,3,9,4,6,8,13,12,5,72
1281390,5,5,5,10,13,11,7,13,14,4,87
1510768,3,7,2,0,8,12,14,14,19,18,97
257395,7,5,15,19,27,37,36,29,35,35,245
2043254,12,18,13,19,13,16,20,15,10,5,141
1664088,3,3,3,12,12,12,14,12,11,15,97
552314,2,5,2,6,15,15,12,19,15,13,104
298363,23,22,36,41,19,24,14,13,17,15,224
765308,23,37,46,58,48,44,52,42,17,32,399
208254,18,35,30,30,28,23,28,24,9,11,236
191879,8,3,9,17,15,16,8,13,10,13,112
77197,16,20,20,40,47,50,33,44,54,27,351
60814,10,17,21,15,11,10,14,9,8,5,120
69007,17,19,18,13,21,15,14,14,13,10,154
224657,10,15,18,15,25,28,17,21,10,21,180
814482,1,2,4,5,7,19,13,15,12,6,84
268186,9,12,10,17,5,7,5,5,2,5,77
220401,10,15,29,34,53,66,59,65,66,46,443
1510825,3,5,6,10,6,15,10,15,9,21,100
282026,0,3,11,4,5,16,14,16,10,10,89
150955,8,6,10,13,4,9,6,7,5,8,76
3444140,3,6,3,9,10,17,14,16,15,10,103
3976629,2,9,13,17,22,14,17,14,16,16,140
780191,7,11,3,8,8,10,14,10,4,5,80
724412,6,3,14,18,15,14,8,5,6,2,91
1330622,8,7,10,18,14,14,4,10,4,5,94
765381,3,16,11,11,15,11,12,7,4,5,95
765387,0,5,4,7,19,22,20,10,15,9,111
14519758,1,4,4,6,6,4,6,3,10,17,61
667094,21,22,25,18,13,11,9,2,1,0,122
11739,19,38,26,25,23,23,7,4,8,10,183
339422,8,7,6,13,6,16,15,11,15,11,108
765410,8,11,16,15,19,14,19,13,7,6,128
216551,1,5,8,12,17,13,17,29,40,39,181
699882,5,16,13,11,19,12,15,8,10,9,118
314865,10,11,20,22,27,26,26,17,18,21,198
116649,12,7,4,12,15,8,7,7,6,7,85
3943928,4,7,4,16,11,8,18,10,22,27,127
2027014,5,3,11,10,8,18,19,18,20,23,135
241160,9,20,18,13,14,16,5,20,19,12,146
1306127,5,9,7,12,13,7,5,7,9,2,76
4115984,1,9,9,12,8,24,17,12,18,13,123
290328,35,79,113,172,163,172,175,179,185,157,1430
1363204,7,11,20,9,12,8,3,3,6,3,82
273948,23,17,19,7,7,12,4,3,2,3,97
159263,5,16,25,32,10,13,15,13,6,14,149
765472,2,10,11,12,23,16,23,12,21,13,143
1667675,3,8,15,8,12,15,16,7,3,6,93
142598,60,121,230,278,358,402,469,492,511,468,3389
224808,4,16,15,11,13,14,11,8,14,19,125
265770,12,18,29,19,27,25,12,18,21,14,195
765484,4,9,24,17,21,27,25,17,19,14,177
192058,8,14,13,18,18,22,24,20,16,21,174
290370,6,12,17,18,20,28,20,33,12,22,188
233033,17,23,18,16,20,13,12,8,3,3,133
1945162,6,8,10,10,9,14,20,18,33,19,147
2059855,0,5,2,7,5,5,17,13,10,13,77
470608,14,15,20,15,9,5,2,3,4,1,88
380497,0,3,10,5,4,8,10,13,18,10,81
151125,14,22,24,16,19,14,22,17,13,6,167
372321,22,23,20,27,20,18,23,17,20,36,226
1928805,9,14,22,29,24,16,16,13,8,7,158
249446,14,12,11,15,8,18,24,16,16,14,148
503406,9,5,9,9,9,5,12,4,8,6,76
631400,18,29,33,51,63,60,71,82,62,93,562
4107890,1,0,2,5,7,9,10,14,24,22,94
634131,1,22,18,11,15,7,6,8,5,2,95
524905,13,16,14,17,11,5,10,7,3,7,103
536184,9,12,11,14,17,15,12,6,7,5,108
667261,12,12,20,28,33,34,33,39,37,26,274
1453695,4,5,7,15,10,20,13,9,16,9,108
15052419,2,2,10,14,27,78,78,152,154,187,704
765572,10,21,25,26,14,21,17,19,18,5,176
1453705,2,2,9,10,22,19,15,22,14,12,127
2084490,3,7,10,10,9,12,10,19,17,18,115
2078181,1,3,5,8,4,8,13,7,10,4,63
93836,5,8,16,26,24,34,46,63,50,63,335
151181,4,14,16,17,21,19,18,14,13,18,154
2108460,3,8,8,6,11,13,21,25,19,22,136
642711,5,16,24,23,27,20,21,23,28,26,213
175769,10,19,25,16,24,11,7,13,10,14,149
1404572,3,0,6,9,12,10,8,7,11,20,86
332400,4,9,7,10,12,15,9,6,4,13,89
650917,10,10,8,14,23,23,20,19,10,11,148
1257127,62,72,95,117,115,130,132,143,150,133,1149
208553,7,11,9,7,7,6,8,9,7,6,77
159412,12,10,20,19,7,9,3,5,0,3,88
347830,8,15,12,9,13,9,10,3,2,0,81
274103,6,7,8,7,13,12,7,5,5,7,77
1044152,2,6,7,11,12,10,8,10,7,10,83
249541,4,2,7,7,8,15,11,10,3,10,77
199969,4,7,6,9,7,9,8,5,4,6,65
724680,6,13,11,5,16,16,9,6,3,6,91
220990,10,14,27,25,40,36,32,29,28,28,269
3903180,0,2,12,16,24,16,10,14,9,10,113
306188,8,6,9,8,9,11,12,8,7,11,89
1994451,8,4,12,4,6,12,11,8,5,4,74
3296984,5,11,19,29,28,35,24,32,26,18,227
282330,4,6,5,2,12,11,14,11,9,7,81
823003,14,21,14,10,21,25,17,16,18,10,166
77537,9,3,3,7,5,7,11,10,11,17,83
192237,4,8,12,11,11,17,10,12,6,5,96
274158,7,14,22,19,21,27,15,11,12,10,158
290549,6,7,7,7,7,10,21,13,18,16,112
298748,5,19,20,33,39,36,44,33,31,37,297
290558,6,12,9,12,22,14,14,16,10,11,126
847617,9,8,7,9,10,8,10,10,3,5,79
15304662,12,20,44,43,33,32,39,37,38,29,327
1273606,4,10,17,20,27,18,12,10,8,4,130
1257225,18,28,37,47,68,104,107,74,91,96,670
765708,7,15,15,14,10,15,12,13,14,9,124
20243,4,4,13,11,15,18,15,18,19,8,125
143130,5,6,22,26,45,45,45,55,42,47,338
1681370,3,2,9,12,9,24,14,20,23,25,141
823072,4,4,6,8,7,6,7,13,6,5,66
266019,19,32,48,31,42,44,58,56,38,48,416
1388324,20,20,25,15,21,16,13,7,9,9,155
290602,4,8,12,31,33,43,57,53,55,57,353
1322798,2,7,6,15,13,15,11,18,19,9,115
110383,13,24,27,27,39,38,27,21,20,24,260
667441,11,14,12,13,13,14,8,6,6,2,99
175930,7,11,19,28,27,31,24,27,28,32,234
94012,6,6,8,8,14,21,19,11,13,8,114
2019136,14,12,9,5,18,14,7,12,11,10,112
560961,7,3,15,11,15,14,23,14,9,13,124
290626,4,4,10,5,5,7,7,9,11,8,70
757573,12,12,8,14,7,8,12,3,1,3,80
260065,4,1,1,1,1,5,9,8,10,26,66
282441,10,6,12,20,15,13,9,7,10,4,106
577359,5,17,20,21,27,23,16,21,13,10,173
298834,9,10,14,17,13,9,15,8,8,8,111
3878740,2,1,4,4,4,12,14,14,15,5,75
167771,1,2,6,4,9,8,7,14,12,11,74
1273692,3,8,15,16,18,16,19,20,17,19,151
847163,12,21,23,26,24,21,13,10,11,7,168
626658,1,6,9,8,7,15,14,11,18,7,96
1036138,9,12,8,8,13,8,9,10,16,7,100
298859,3,6,6,15,4,4,5,7,8,10,68
4034413,4,15,15,15,12,19,14,8,13,13,128
266094,6,9,12,11,12,9,9,5,10,6,89
813032,2,5,15,10,12,8,13,9,10,5,89
290677,2,8,6,9,15,24,11,12,20,14,121
307062,9,4,11,15,13,14,12,7,17,16,118
246420,2,7,11,8,13,12,12,8,7,5,85
1363836,5,7,8,7,3,15,11,10,5,5,76
1986429,2,2,8,9,10,11,22,25,26,53,168
561023,2,3,3,2,7,8,17,12,23,17,94
249731,2,3,11,6,11,13,15,18,21,16,116
139926,6,2,1,1,4,3,0,6,10,20,53
847751,5,8,18,12,15,9,14,1,4,2,88
159624,9,18,14,19,12,10,2,4,7,3,98
282506,6,11,16,8,14,16,20,13,6,14,124
3629719,0,0,1,1,1,19,11,16,21,33,103
1978255,12,18,5,26,30,33,34,54,44,45,301
3788692,1,1,1,4,10,7,10,9,18,14,75
39253537,32,41,49,68,45,26,43,51,41,16,412
241559,30,23,30,22,26,29,18,13,15,11,217
1249181,8,32,21,25,25,16,16,14,10,6,173
429983,27,30,34,36,34,29,16,6,14,9,235
2011058,5,11,13,9,12,10,15,7,15,14,111
724916,11,13,21,5,15,15,15,8,10,9,122
1380278,20,19,29,33,32,26,17,16,14,14,220
282551,7,14,14,22,10,18,25,13,7,7,137
2035642,7,2,10,21,7,10,19,30,18,19,143
241595,4,11,14,16,21,10,11,10,14,8,119
1043786,8,7,8,14,11,10,8,10,5,7,88
257987,16,18,18,21,20,32,47,50,59,57,338
217033,38,87,130,163,184,187,157,140,148,129,1363
50155470,2,10,15,26,30,48,56,68,48,49,352
274384,4,11,8,13,12,12,5,8,3,1,77
10232,6,9,9,9,12,11,8,9,5,6,84
3461074,154,193,148,153,163,224,227,226,247,235,1970
2150355,5,9,12,9,10,15,18,10,11,11,110
4403157,5,5,11,9,10,13,12,21,13,21,120
2035672,11,25,41,38,41,37,47,29,29,27,325
438233,7,8,9,13,9,5,7,7,7,6,78
2043866,3,4,4,5,7,8,16,11,5,6,69
307164,15,13,7,7,13,9,13,10,12,17,116
2150366,2,3,6,6,11,17,11,24,16,23,119
741346,1,3,1,4,9,5,10,10,20,18,81
282595,2,5,6,13,5,14,22,13,20,19,119
634853,13,14,10,23,25,20,25,27,18,15,190
634854,78,130,204,292,386,414,465,455,447,466,3337
798696,7,20,9,21,24,19,21,26,17,21,185
266219,12,12,12,11,11,11,7,3,2,5,86
842488,10,16,30,47,68,57,88,66,63,44,489
2363374,7,17,15,9,13,20,15,9,14,8,127
94199,14,29,31,26,19,18,11,13,8,7,176
2134024,3,5,3,14,6,8,9,8,12,6,74
208907,37,49,67,85,74,69,65,70,73,53,642
798732,7,6,2,3,6,7,3,5,8,6,53
870313,0,3,9,11,13,20,18,21,26,24,145
4321298,4,8,15,9,6,5,9,10,11,8,85
2068503,3,1,6,8,7,6,12,9,13,18,83
2371613,6,4,8,15,18,20,21,19,13,11,135
241694,6,3,5,9,8,7,11,8,9,8,74
1282083,5,11,11,13,9,7,11,6,7,5,85
241701,5,17,12,16,31,52,43,43,55,42,316
389163,5,9,11,8,14,7,7,9,10,13,93
2084909,1,1,7,7,17,11,12,10,20,18,104
1372206,5,5,4,8,5,16,14,13,8,15,93
2035759,0,6,9,7,14,15,14,18,20,32,135
307251,20,20,16,17,14,16,22,12,20,6,163
1301855,75,108,90,63,49,38,32,12,16,12,495
2076734,13,13,13,30,22,27,36,24,33,27,238
384352,12,12,13,14,18,13,5,6,4,7,104
1282118,3,10,4,8,8,5,7,3,6,6,60
397383,6,9,4,9,8,13,12,15,6,5,87
3551307,29,29,30,47,34,37,29,29,19,20,303
1454158,20,14,31,33,37,15,17,21,15,22,225
176211,5,8,18,24,46,63,65,81,97,84,491
241753,6,16,22,17,29,31,40,37,28,37,263
692314,3,1,2,4,15,12,14,10,9,15,85
798812,10,18,4,16,9,10,21,21,31,18,158
1454174,7,11,14,13,13,12,22,20,16,15,143
438368,10,9,17,15,25,14,10,12,16,11,139
692323,14,18,31,17,12,21,13,14,10,7,157
495716,5,13,21,15,11,12,5,3,6,3,94
389222,5,23,17,26,32,46,42,45,46,33,315
233575,1,3,7,10,14,11,15,19,14,11,105
1663676,6,12,17,21,9,19,14,17,7,13,135
209005,0,0,2,4,5,8,9,7,15,12,62
241776,6,5,9,11,5,9,14,9,8,11,87
392552,15,25,16,17,25,20,9,21,17,15,180
692338,11,31,34,39,36,22,17,25,9,10,234
413813,10,5,9,15,14,11,13,16,18,20,131
61561,4,12,8,10,9,11,11,7,10,8,90
209018,12,7,7,11,3,13,8,7,5,3,76
1269098,4,2,7,8,12,4,6,10,4,7,64
241790,2,4,7,7,9,15,12,16,19,11,102
2052223,0,2,0,4,6,5,14,14,16,9,70
782465,13,8,8,12,19,12,19,21,10,17,139
69762,0,3,5,11,8,11,11,13,7,7,76
102535,10,12,9,8,7,13,9,15,12,10,105
848010,7,14,10,17,28,22,19,20,22,28,187
290956,11,16,21,18,17,18,21,20,12,13,167
299149,16,22,27,17,25,25,22,15,16,14,199
69776,4,9,4,7,10,8,5,8,10,6,71
262851,8,14,16,18,24,17,6,8,5,9,125
192664,9,11,12,15,9,10,13,11,6,6,102
668356,6,12,11,11,10,22,13,20,11,16,132
127139,5,5,9,10,4,13,11,5,10,11,83
184489,20,26,33,28,24,12,13,18,13,8,195
1278664,10,19,16,18,20,15,11,24,14,12,159
1510771,10,10,7,11,6,13,3,6,2,8,76
266422,0,0,1,1,7,20,28,28,41,30,156
3694709,4,8,11,22,20,29,41,38,37,50,260
275149,11,4,9,10,11,8,8,12,10,7,90
266451,13,10,16,16,7,15,9,3,13,17,119
1917646,7,14,10,11,10,8,7,3,7,4,81
708824,24,29,42,39,35,45,41,24,32,20,331
217310,8,7,6,5,5,5,13,4,5,9,67
1637755,10,11,10,7,12,19,15,15,11,10,120
2019556,10,6,18,17,14,26,13,15,8,16,143
10662122,2,1,2,7,8,7,10,10,11,15,73
274667,2,3,7,4,5,6,8,11,13,16,75
2199796,3,6,13,20,22,19,10,12,3,4,112
274678,15,9,13,14,20,21,16,13,9,6,136
168185,13,23,32,13,20,16,8,0,5,1,131
471291,10,20,17,25,21,19,16,17,9,9,163
807168,3,9,3,10,8,11,5,8,11,9,77
1388802,7,8,10,8,6,6,8,5,1,4,63
1315079,124,121,170,186,173,134,134,107,77,64,1290
708873,8,8,5,10,5,9,5,10,4,13,77
2142475,12,6,4,7,8,10,8,8,7,5,75
4364,10,4,7,9,7,10,6,6,7,5,71
807181,8,9,8,6,9,4,7,10,6,6,73
373007,13,25,21,30,28,27,19,13,9,5,190
110866,2,8,17,12,9,14,4,4,7,4,81
1454358,3,5,5,15,27,22,26,33,35,26,197
20764,15,10,9,23,13,28,21,13,22,16,170
2003233,15,20,25,18,19,20,18,25,27,25,212
266530,3,5,6,13,18,22,31,30,38,29,195
2052387,3,8,8,6,13,13,11,10,6,9,87
1372455,4,0,3,11,15,18,20,18,10,15,114
2036008,2,5,7,4,15,15,7,10,19,14,98
1322375,14,34,57,69,61,101,121,169,205,186,1017
635180,24,21,22,41,45,46,61,64,37,50,411
176436,11,12,9,14,15,16,8,12,17,15,129
799032,17,24,41,55,52,46,44,41,46,29,395
708927,3,11,9,5,1,6,11,15,11,8,80
250177,5,8,11,14,12,10,9,6,5,6,86
1962308,1,3,7,10,4,13,13,30,29,18,128
807238,4,4,12,17,18,28,27,28,21,25,184
400780,16,12,10,19,21,19,23,21,18,9,168
635220,9,15,23,20,27,16,16,17,12,16,171
299350,1,14,9,11,10,21,15,12,15,5,113
307544,17,21,26,25,25,27,30,15,24,23,233
1249625,13,9,15,12,25,16,15,5,8,7,125
804922,5,5,12,8,13,8,13,14,17,20,115
635232,12,17,25,33,28,26,31,17,16,20,225
37217,4,7,16,10,18,22,14,7,11,6,115
536931,13,14,13,13,18,18,19,14,14,14,150
708965,3,14,17,19,15,27,24,26,33,33,211
1764753,6,9,10,17,12,13,11,11,8,3,100
315753,3,5,8,5,8,8,14,12,8,13,84
762600,12,13,10,5,11,8,4,3,6,5,77
856437,5,15,14,17,25,25,13,26,40,19,199
422262,51,105,151,164,186,239,233,244,288,212,1873
848247,11,28,21,28,24,21,33,17,16,9,208
856442,10,11,9,10,7,9,9,6,9,8,88
235583,6,17,8,12,17,32,21,14,17,18,162
712384,24,13,16,18,25,21,30,26,16,36,225
856445,11,14,17,26,23,16,25,27,33,29,221
1708414,9,7,9,6,5,5,10,12,20,15,98
800832,6,12,20,21,26,19,16,18,20,21,179
2068870,2,6,6,7,4,5,6,9,15,3,63
323977,7,4,4,4,7,10,15,9,10,16,86
250253,2,9,7,11,10,6,11,11,7,5,79
209295,12,8,5,7,6,12,19,21,10,6,106
201105,8,7,14,8,18,17,24,15,11,12,134
242070,7,10,18,26,23,24,18,21,9,6,162
299416,25,13,18,23,33,31,37,27,33,34,274
192921,0,1,0,13,21,24,27,31,24,25,166
135578,1,3,2,6,15,20,16,10,14,8,95
635292,38,47,34,23,20,20,19,4,2,4,211
766365,14,24,14,21,26,22,34,39,44,31,269
856478,0,2,6,6,10,8,11,14,14,26,97
291231,22,28,65,53,62,95,107,115,112,107,766
856481,12,17,19,21,20,11,16,15,18,12,161
160163,13,21,22,20,13,15,19,19,11,9,162
268358,6,5,10,8,17,7,3,7,11,8,82
29095,5,9,9,14,8,5,11,11,3,2,77
668073,9,15,14,35,39,38,54,51,43,52,350
217515,12,17,17,18,17,10,6,2,5,2,106
1175983,5,5,13,17,12,8,17,13,14,14,118
1348016,24,18,40,19,15,24,11,14,9,9,183
168369,29,39,35,55,56,57,64,67,75,81,558
2036148,2,8,3,9,11,3,12,19,12,6,85
2027957,3,3,8,6,11,14,5,8,10,8,76
135607,15,20,13,12,22,13,9,15,17,22,158
46551579,1,0,6,8,6,10,14,14,11,12,82
1290690,9,9,18,20,30,40,36,31,28,28,249
709063,29,26,37,53,45,53,56,85,73,79,536
586190,0,2,5,5,6,10,20,20,22,15,105
184788,5,7,11,14,8,13,9,5,4,1,77
266709,6,14,18,18,10,9,4,4,9,1,93
1389017,7,10,14,12,20,17,16,14,13,5,128
774620,28,44,40,26,51,40,36,26,42,29,362
438752,2,6,10,9,10,4,21,9,13,16,100
266721,14,10,13,19,12,15,11,8,4,11,117
1642982,8,12,17,16,23,20,26,23,21,25,191
104530,14,10,30,55,52,71,73,70,54,52,481
2077168,19,30,27,38,24,26,17,15,24,8,228
1642993,3,7,7,6,8,12,18,12,15,21,109
1249783,21,28,23,27,30,18,21,13,18,5,204
2036220,2,1,1,7,11,9,19,16,16,19,101
2011648,6,16,21,22,42,38,34,44,47,53,323
3453442,2,4,8,9,7,20,10,8,7,7,82
1920427,0,4,16,19,16,18,18,33,27,31,182
1667589,7,13,21,5,14,15,12,15,12,6,120
266758,5,10,10,9,14,10,10,13,6,8,95
1667591,0,11,13,8,11,6,10,10,12,5,86
1667592,2,6,12,14,14,13,12,18,9,7,107
1248684,2,4,9,14,16,22,8,7,4,2,88
365067,26,46,38,45,48,43,33,33,35,20,367
135693,10,14,20,17,20,30,29,29,33,33,235
299534,11,10,12,10,10,19,9,6,9,4,100
1995284,13,10,15,17,21,16,9,12,9,10,132
348696,8,13,8,9,12,13,6,3,6,5,83
1298970,22,19,38,60,46,59,64,54,68,68,498
73135,0,0,1,5,3,4,11,14,10,8,56
274972,2,10,7,9,12,6,4,8,6,8,72
2175517,35,38,37,58,34,67,67,72,65,71,544
45598,1,6,6,5,10,9,11,17,10,13,88
274978,7,4,10,19,19,13,8,10,0,3,93
1176102,7,10,11,11,12,8,9,5,10,5,88
46551598,0,1,4,7,5,22,13,13,25,17,107
242226,14,15,23,18,18,14,10,8,6,4,130
234036,16,17,16,21,11,13,11,14,7,7,133
2091102,6,8,14,9,15,15,14,27,33,34,175
217656,6,16,17,20,27,29,40,36,38,22,251
46551609,2,0,3,6,5,6,13,50,60,127,272
217663,4,22,24,18,22,15,14,20,11,8,158
82699,6,10,17,12,14,21,29,45,35,30,219
578122,4,12,6,12,15,7,5,12,6,6,85
193104,5,3,12,14,13,15,9,17,18,10,116
299602,15,10,8,15,24,15,28,15,21,22,173
1741395,1,2,7,9,9,7,13,10,8,5,71
1667668,9,12,11,21,18,16,15,15,5,9,131
217689,12,15,14,7,11,9,5,3,7,5,88
189199,27,25,25,21,15,15,6,2,4,7,147
2134621,5,9,8,10,11,10,10,6,4,2,75
1741408,2,6,8,9,13,10,12,10,8,6,84
361232,0,0,5,10,9,12,21,12,10,11,90
1970788,2,2,5,5,11,14,14,10,20,24,107
152165,16,17,19,20,22,30,16,17,20,23,200
12906,14,19,30,27,32,27,29,22,31,32,263
340587,6,5,4,13,5,10,13,8,6,3,73
733807,0,3,11,26,27,35,53,72,48,45,320
266864,20,37,57,83,105,110,96,141,152,180,981
4166257,5,4,15,25,23,17,10,13,11,10,133
651894,18,23,17,15,15,12,15,11,5,10,141
1741431,6,8,20,35,24,42,32,34,34,33,268
578172,9,9,15,13,15,21,13,16,9,10,130
94846,0,1,8,6,1,14,7,9,13,15,74
253376,3,13,4,19,10,9,10,4,5,4,81
217735,8,13,31,25,27,22,15,21,17,12,191
1643146,4,9,9,11,18,15,19,20,20,21,146
381581,24,79,47,81,108,144,143,143,167,180,1116
553619,6,5,8,12,14,2,9,9,5,4,74
733844,6,16,13,20,14,12,2,10,10,5,108
733846,3,4,1,4,2,4,10,9,12,9,58
1740238,9,11,6,15,16,19,14,17,13,9,129
527813,3,11,14,12,12,17,2,12,2,2,87
234145,10,12,16,24,24,23,18,19,7,16,169
397987,25,32,32,32,32,38,28,21,22,11,273
291499,0,3,3,7,7,22,24,15,26,34,141
29357,11,12,20,19,11,17,19,20,17,16,162
799409,2,7,11,13,13,11,18,15,24,13,127
1659573,26,20,36,25,17,9,12,4,3,4,156
1979072,14,10,8,15,14,17,13,13,14,12,130
242371,11,6,9,14,3,8,7,5,5,1,69
234180,21,11,14,13,16,6,7,9,4,5,106
209608,10,18,57,98,123,138,136,146,121,122,969
3961549,8,11,11,21,29,23,33,30,17,17,200
3961554,5,8,6,13,3,10,6,8,9,9,77
668373,9,12,17,12,18,14,15,16,8,12,133
153721,14,21,27,18,13,12,12,5,4,6,132
471768,10,12,14,16,11,14,6,7,7,3,100
119515,8,3,10,6,6,11,6,7,7,4,68
807646,2,7,5,7,6,15,9,4,1,8,64
774882,1,1,3,6,9,9,6,15,12,9,71
848611,8,5,20,14,9,17,9,8,6,6,102
1266404,29,46,42,49,37,45,51,42,49,43,433
1585895,22,46,56,65,111,100,79,80,93,68,720
2069226,31,40,42,49,57,76,71,96,65,74,601
160551,1,7,5,5,13,12,14,15,26,20,118
86766,6,17,22,25,20,22,19,22,21,16,190
193277,6,11,7,20,8,7,7,8,4,6,84
176897,32,26,29,16,13,7,4,8,1,4,140
299789,0,4,15,14,15,11,4,4,2,3,72
1618710,4,7,6,6,7,9,7,19,7,5,77
1316996,1,3,10,12,14,10,10,4,4,4,72
176926,6,10,13,18,18,14,26,25,28,20,178
799519,16,31,46,55,51,66,79,57,44,56,501
269672,9,16,7,7,15,10,9,9,13,8,103
2616795,6,11,10,15,15,21,12,15,6,8,119
86823,14,30,35,49,58,60,70,83,113,95,607
299818,0,2,5,6,8,11,11,9,20,16,88
39351086,4,3,8,10,10,17,12,21,19,19,123
863710,9,8,4,10,7,8,13,10,13,7,89
198795,3,3,9,14,7,17,15,20,9,28,125
2159430,8,8,9,5,16,8,13,13,20,5,105
201545,33,72,74,94,69,60,53,50,26,29,560
652106,11,15,17,11,16,10,8,7,5,5,105
1512269,5,7,8,11,11,11,3,9,6,6,77
226127,6,12,9,14,12,8,6,6,8,7,88
1454932,4,3,4,16,21,16,27,33,34,39,197
313486,0,2,4,2,5,9,11,14,22,30,99
1512280,5,15,14,16,12,31,24,17,18,25,177
1512285,7,24,22,31,20,10,22,27,15,23,201
1684318,2,7,0,6,9,10,7,10,11,17,79
2159455,4,2,1,1,4,3,5,12,15,16,63
201569,5,7,10,13,12,15,28,24,27,22,163
791399,2,5,19,19,26,28,31,31,33,50,244
365416,21,23,24,25,18,25,18,6,15,6,181
1454956,27,42,80,59,104,113,116,118,116,87,862
119662,14,24,11,13,11,7,11,8,8,11,118
1332080,4,7,8,11,11,18,16,6,7,7,95
1586035,5,3,6,7,5,18,20,11,11,12,98
1454969,2,18,18,27,35,38,37,24,46,43,288
1454970,5,12,16,11,10,12,14,10,10,12,112
1352511,7,11,21,16,26,31,50,31,62,71,326
1684352,7,13,12,12,8,10,3,4,3,2,74
1368896,7,22,24,27,25,10,19,12,11,16,173
1454979,6,11,16,16,17,16,29,31,23,15,180
1176457,3,2,4,7,10,6,18,14,9,12,85
3244866,1,8,8,7,9,6,18,18,21,11,107
70547,5,10,15,16,12,8,8,13,8,7,102
873365,2,8,7,7,6,9,9,13,9,8,78
838834,7,5,8,14,13,13,8,22,21,17,128
3961755,0,5,3,5,5,9,14,30,21,29,121
218012,6,2,3,11,8,25,11,7,5,11,89
340893,14,37,53,77,124,118,164,141,172,157,1057
2388806,2,7,9,8,6,22,30,12,13,8,117
144296,8,4,8,5,9,9,8,8,10,15,84
243868,12,30,35,32,28,46,44,36,34,30,327
95151,10,13,28,24,30,34,40,36,39,26,280
652208,3,5,19,9,10,11,11,2,3,4,77
754504,4,9,3,4,11,10,14,16,16,15,102
136117,12,22,28,15,15,16,6,7,4,0,125
775094,6,13,12,7,8,10,9,3,6,3,77
570300,6,2,4,5,7,12,15,15,5,6,77
1659842,8,24,22,25,29,44,31,34,30,35,282
185296,26,37,55,69,81,104,122,102,116,105,817
12751825,18,26,30,50,48,61,57,61,34,49,434
299986,18,22,25,40,46,46,30,29,38,24,318
1684435,5,8,8,11,18,12,22,23,22,17,146
103382,9,11,24,50,56,74,56,66,44,53,443
1684442,6,8,8,6,26,18,15,36,35,33,191
3228495,3,9,11,9,12,9,16,16,18,10,113
168928,11,7,8,12,7,4,8,16,11,12,96
1668065,11,10,15,17,15,31,14,28,20,28,189
857058,6,11,12,18,20,19,16,11,7,10,130
144355,1,0,2,4,11,14,17,20,17,16,102
472038,11,14,23,12,16,16,13,20,18,9,152
242663,4,9,8,5,15,15,8,6,5,12,87
152552,2,3,3,5,15,14,27,14,17,22,122
1659887,1,4,3,11,8,9,10,7,3,3,59
1422322,7,5,7,17,18,22,10,10,5,4,105
289865,11,19,24,27,34,26,36,34,29,34,274
283641,5,9,7,27,15,10,4,6,9,6,98
2118650,9,6,6,13,11,7,13,6,10,8,89
1659900,28,35,32,32,36,36,35,33,45,44,356
365565,79,117,95,111,106,98,101,75,65,58,905
1454933,11,12,13,9,20,15,9,8,8,7,112
119810,13,8,10,8,14,7,7,5,2,0,74
185347,5,12,11,11,11,3,9,9,11,9,91
218120,4,16,10,19,13,7,6,12,7,13,107
267273,8,12,16,5,9,7,4,3,6,4,74
2511883,5,4,2,8,12,12,15,5,6,11,80
152588,6,13,10,29,38,38,24,25,28,27,238
1668114,1,14,14,11,12,7,7,8,9,7,90
1684499,1,2,4,4,11,12,13,15,12,17,91
1332244,15,33,37,62,70,75,92,79,77,68,608
1684504,9,8,11,10,12,16,16,9,16,15,122
1037341,18,12,16,17,16,20,18,22,23,22,184
391887,46,54,51,47,37,42,30,30,13,11,361
1250337,91,187,292,361,393,430,445,437,431,378,3445
144418,16,17,8,26,27,18,17,10,15,12,166
570404,7,7,10,13,15,5,17,5,4,5,88
2118693,9,18,22,29,28,20,19,12,12,13,182
840748,2,8,8,11,10,7,11,8,5,6,76
2855981,17,23,53,46,62,77,89,71,64,41,543
2085935,3,2,1,7,7,9,9,9,10,15,72
1340464,9,27,13,11,17,7,3,8,3,3,101
1348657,45,26,9,11,4,3,4,2,4,2,110
308284,5,4,8,9,9,6,12,9,6,3,71
660545,7,7,11,13,7,14,11,5,5,2,82
414787,10,10,24,32,39,54,78,69,79,69,464
95319,10,21,25,35,20,25,20,19,8,4,187
324704,7,6,14,17,10,18,14,7,4,11,108
294417,0,7,5,7,6,9,10,11,10,8,73
103529,6,19,28,31,25,14,3,0,0,0,126
128111,8,7,6,6,12,4,11,10,7,8,79
111731,15,32,19,23,19,19,25,14,14,13,193
824439,5,4,9,7,10,14,12,7,13,5,86
1299578,1,9,23,18,32,27,24,16,18,19,187
177275,12,11,15,8,11,12,10,2,1,4,86
857216,23,27,27,46,34,42,43,40,13,14,309
304812,6,10,15,15,18,22,21,21,17,14,159
46601361,3,11,9,9,9,12,24,20,24,21,142
177300,8,12,15,8,18,13,8,5,4,2,93
660631,5,4,8,13,9,21,10,14,12,14,110
840857,4,15,16,22,20,15,14,9,1,7,123
1283228,27,55,62,77,83,74,73,68,73,59,651
11613342,3,13,21,23,11,9,13,10,9,5,117
578719,8,4,7,6,8,12,8,11,6,5,75
2050246,4,4,12,6,6,6,9,10,11,13,81
27022507,1,3,4,9,13,6,7,8,10,15,76
382124,14,26,21,26,19,23,31,18,14,14,206
179741,95,158,221,260,266,280,295,322,319,333,2549
865471,5,3,3,6,1,5,14,8,17,4,66
1594563,3,5,2,5,3,11,17,13,8,16,83
251076,10,14,11,8,6,8,7,7,8,6,85
1668295,2,8,8,2,7,5,14,12,9,14,81
1283272,148,169,208,151,161,119,143,80,76,58,1313
1586377,10,2,10,7,11,33,27,27,37,28,192
152778,2,4,7,11,8,11,23,14,9,16,105
1586379,10,27,30,33,51,43,46,44,40,33,357
2077900,1,6,14,14,15,22,18,21,16,18,145
341198,5,5,9,6,9,16,5,16,10,16,97
125133,3,7,10,10,12,9,10,6,5,5,77
775376,8,12,20,22,23,18,16,30,20,40,209
414934,3,5,8,10,19,13,17,13,16,21,125
775383,16,10,16,5,7,12,4,3,6,2,81
1684346,1,13,9,10,13,9,14,11,7,11,98
177377,11,12,15,36,33,43,47,44,58,45,344
103291,10,12,15,18,16,22,13,10,10,10,136
171558,4,6,7,5,7,2,5,5,11,5,57
308455,10,9,11,9,5,14,9,8,10,8,93
840936,15,9,17,20,13,19,7,7,6,4,117
799980,5,16,12,19,17,21,29,21,28,30,198
169198,11,15,13,18,16,15,14,10,7,2,121
1586420,0,4,7,5,10,9,17,8,9,15,84
1586421,12,16,49,52,57,60,57,60,50,65,478
1586422,4,3,5,8,16,10,20,26,29,24,145
2053370,1,5,7,15,16,13,27,18,29,37,168
274944,0,4,9,14,17,13,23,45,31,22,178
799997,1,10,6,10,7,11,10,15,13,12,95
863714,10,10,12,15,19,10,9,12,18,15,130
1266950,14,20,36,37,44,45,57,61,56,47,417
308488,3,6,10,4,11,10,7,5,9,6,71
2086153,3,9,6,5,8,13,9,17,12,11,93
652558,2,3,7,12,9,11,11,14,11,9,89
1422607,2,3,13,3,17,18,14,17,16,8,111
406801,11,16,11,13,10,7,8,7,7,3,93
1586451,8,7,19,27,59,86,110,152,180,183,831
1512727,13,18,16,18,27,26,36,38,35,42,269
95512,7,3,9,7,23,19,18,11,14,13,124
234777,2,3,10,11,10,10,14,9,12,14,95
1619229,4,3,8,4,7,11,9,19,14,26,105
2102559,9,12,17,17,24,25,28,24,21,31,208
259360,5,5,12,17,11,16,11,9,7,9,102
2028835,1,3,6,3,7,19,12,14,12,24,101
2381098,1,3,1,4,3,3,8,12,7,9,51
251183,7,15,12,10,13,13,8,7,7,7,99
415025,0,4,7,13,8,13,13,5,14,10,87
1316147,11,8,12,20,16,15,19,19,8,15,143
3462453,4,13,11,20,16,26,30,26,24,27,197
3457929,1,4,9,4,13,13,10,13,25,25,117
857401,7,13,6,4,11,8,11,7,5,5,77
193862,4,7,5,12,10,17,9,9,15,6,94
177479,13,9,13,11,13,18,7,10,13,14,121
218441,29,69,106,138,152,203,184,132,121,106,1240
821474,0,1,1,6,5,3,11,14,15,14,70
1274765,12,11,18,11,15,12,5,7,20,5,116
791892,9,5,16,12,10,16,9,13,7,9,106
1659907,12,6,12,11,12,11,14,7,5,6,96
841049,1,8,11,21,12,7,13,5,6,8,92
79196,23,51,65,122,107,151,163,168,138,158,1146
267613,0,4,2,3,4,5,10,13,5,15,61
226654,11,34,24,21,9,15,9,8,6,6,143
202080,10,17,19,28,20,16,12,12,10,5,149
2913633,3,11,7,6,7,6,12,8,11,11,82
1340773,0,3,4,9,10,12,9,9,9,11,76
284006,5,4,10,10,15,11,12,14,13,13,107
226663,11,22,58,44,69,59,101,78,105,95,642
284008,3,6,3,6,8,6,13,11,18,26,100
218478,30,38,33,51,34,33,26,18,13,10,286
791927,5,10,7,9,7,12,10,7,7,13,87
259451,7,14,15,22,14,12,10,13,9,9,125
800126,3,6,7,4,3,13,6,10,12,9,73
2069888,3,14,24,10,22,27,31,33,43,34,241
1316228,29,23,5,8,5,1,0,0,0,1,72
136581,5,11,8,8,5,10,11,15,16,10,99
1176971,0,2,5,9,5,4,18,18,23,18,102
232173,5,15,5,7,15,12,9,8,3,0,79
115609,4,7,6,5,7,7,5,10,11,8,70
103833,4,2,4,3,5,3,13,14,11,18,77
284062,5,9,12,13,6,12,13,5,7,4,86
440560,5,5,8,20,13,12,14,13,9,9,108
1422759,10,11,9,8,12,15,12,7,17,4,105
144811,11,20,14,35,16,21,15,14,19,17,182
3388844,5,14,14,29,14,1,9,11,8,2,107
210349,6,6,6,13,23,10,17,11,14,9,115
1422769,5,4,4,0,7,11,11,14,13,11,80
754590,5,5,6,14,22,20,32,35,43,49,231
3157577,28,43,47,70,92,100,99,106,77,50,712
259513,8,3,5,7,12,9,6,8,15,12,85
284093,5,9,10,14,12,20,17,17,9,15,128
259525,6,3,2,15,12,14,12,8,6,6,84
1636599,0,6,5,14,15,19,13,15,18,9,114
267724,5,3,10,9,6,16,19,8,10,6,92
2091256,2,4,3,6,11,9,28,21,40,37,161
841170,15,18,12,7,19,6,12,15,8,9,121
259543,12,16,34,27,11,18,13,20,12,9,172
169434,5,9,15,10,13,12,9,8,8,9,98
175695,46,36,72,49,83,102,97,114,111,111,821
841180,1,2,5,9,15,10,12,14,16,17,101
1684959,3,9,14,10,21,15,20,11,11,7,121
1455586,3,4,4,9,13,12,12,21,6,18,102
218595,8,7,5,12,17,13,22,14,17,18,133
1455589,9,9,12,15,19,10,8,10,7,11,110
267750,15,26,22,21,25,22,16,17,8,17,189
579052,5,12,5,12,12,5,5,11,11,10,88
120304,3,10,18,28,30,40,29,52,34,52,296
267763,6,7,10,9,17,8,6,14,9,5,91
308725,5,8,12,14,17,11,14,15,10,9,115
390647,0,4,11,5,16,15,12,15,2,6,86
1603066,10,11,7,16,10,17,25,7,6,11,120
1603069,17,6,8,8,5,9,0,0,1,3,57
374270,30,52,45,44,46,22,46,37,29,12,363
185856,0,6,12,9,11,11,7,13,6,6,81
1291781,6,20,30,29,38,30,31,21,20,16,241
1455623,23,33,37,47,42,27,29,24,22,21,305
2373130,7,9,11,7,6,14,13,4,12,11,94
1267211,6,11,19,16,22,20,17,17,19,21,168
2389519,3,6,3,6,7,10,9,7,5,15,71
253528,10,10,9,15,8,23,8,15,15,15,128
226838,10,16,20,19,19,15,22,8,11,2,142
198916,12,9,6,7,4,5,10,5,7,4,69
365487,17,23,31,39,37,31,24,9,15,16,242
235039,6,8,14,15,13,17,13,8,6,4,104
1455648,6,11,10,19,18,28,34,45,49,44,264
250800,13,26,37,44,44,57,42,27,40,37,367
808482,5,7,9,6,11,12,8,15,13,18,104
243238,2,2,8,8,9,8,14,20,18,14,103
238513,7,4,6,7,8,9,18,14,12,7,92
169512,23,24,30,35,44,34,24,30,19,14,277
267819,7,13,14,20,12,11,11,10,6,11,115
1291821,15,31,20,25,22,19,4,13,10,10,169
2135604,0,2,4,0,11,16,26,27,26,41,153
235064,10,15,17,29,36,35,50,53,50,52,347
285247,2,4,6,8,11,15,11,16,18,23,114
305418,10,19,12,20,16,12,27,20,30,12,178
1455682,4,6,10,19,14,28,35,53,65,48,282
218691,10,7,12,20,16,3,5,4,6,0,83
284228,9,12,22,9,9,10,11,11,7,1,101
841285,3,5,9,17,22,23,34,17,30,20,180
681335,0,1,14,12,13,6,6,9,8,6,75
2004556,9,6,12,10,10,10,7,10,4,11,89
800338,5,27,20,27,21,22,25,10,11,17,185
1406549,9,9,21,19,13,16,10,14,16,25,152
169559,4,5,8,7,8,8,7,7,6,7,67
39253594,8,16,10,35,35,33,26,21,22,23,229
743004,14,12,16,8,8,10,7,8,7,6,96
1455710,8,14,8,12,7,8,5,10,6,10,88
1455718,2,8,7,16,14,26,30,43,41,44,231
267879,1,3,1,8,14,22,25,46,53,57,230
841320,4,4,7,17,16,29,19,35,33,26,190
1586794,4,11,16,14,13,6,9,7,8,5,93
1357420,0,5,10,11,12,10,15,3,13,19,98
800368,3,10,24,33,46,42,51,67,49,32,357
1586803,10,11,22,18,28,33,21,32,25,27,227
374388,20,28,23,29,48,59,70,66,48,32,423
2381429,7,17,11,13,8,14,11,9,5,13,108
112250,11,19,34,42,48,40,27,25,24,21,291
1349244,14,13,30,38,28,22,34,35,32,24,270
497279,6,18,18,23,23,16,25,21,25,23,198
1177216,9,5,14,10,22,18,16,22,11,19,146
800386,3,8,7,14,11,11,4,9,5,7,79
3397251,4,6,13,17,16,14,16,16,19,9,130
415365,6,8,6,7,10,5,10,7,6,13,78
369601,22,14,5,8,7,7,9,4,1,7,84
161417,4,10,31,22,35,33,43,41,51,38,308
160706,1,4,17,6,2,8,11,11,12,8,80
153231,11,20,19,31,36,43,33,26,18,15,252
1455760,0,1,5,3,10,16,18,18,18,22,111
1734290,5,3,7,8,13,17,17,23,18,34,145
609902,8,20,12,8,9,6,3,3,5,4,78
1250976,0,7,6,15,22,15,9,12,16,7,109
79521,6,4,11,9,14,12,9,22,13,14,114
358055,4,2,5,15,10,8,11,8,13,18,94
734889,1,3,8,17,6,21,14,10,11,9,100
12684915,11,11,4,5,7,7,8,7,10,13,83
145076,18,34,24,16,11,9,2,6,0,7,127
858640,1,4,5,14,8,9,7,7,6,7,68
1447623,15,17,29,33,33,20,23,20,14,23,227
1447628,10,10,12,17,11,16,34,27,26,21,184
252194,5,7,4,5,2,4,8,14,8,10,67
290435,4,5,11,11,18,16,6,19,14,13,117
284375,1,2,4,4,8,10,9,10,8,8,64
251608,46,41,32,28,14,13,11,4,1,3,193
3962585,3,7,8,9,8,8,9,6,14,11,83
399072,5,8,14,28,26,41,39,34,44,37,276
299984,2,5,12,11,14,14,22,35,22,30,167
227045,16,35,62,73,73,82,68,60,43,47,559
1447657,62,102,197,252,352,359,397,373,451,365,2910
161518,5,7,6,13,7,11,13,9,6,8,85
170280,14,17,9,22,9,12,12,6,4,11,116
263123,3,7,17,26,26,29,29,27,30,47,241
276777,10,24,22,20,33,16,17,29,15,36,222
1447672,8,14,12,17,21,21,54,58,61,49,315
1308409,2,11,10,11,4,9,13,9,6,5,80
176686,5,25,19,26,31,30,46,37,21,33,273
1038083,32,51,57,58,56,51,51,39,37,34,466
2070280,3,8,6,14,12,16,23,6,11,22,121
358153,8,19,13,11,14,8,6,6,5,3,93
1586963,9,14,11,11,19,12,14,7,6,7,110
1038100,3,4,6,13,3,10,9,14,10,12,84
1357589,8,21,26,35,40,23,16,24,14,17,224
1447702,2,3,18,41,57,72,75,88,103,106,565
4773663,1,6,4,7,12,19,22,20,18,28,137
791515,7,6,6,9,15,14,16,19,14,17,123
235304,11,29,16,17,18,8,10,10,11,5,135
841515,5,11,9,9,12,11,8,2,2,4,73
259886,6,4,4,7,12,13,13,9,12,7,87
112433,4,2,6,10,13,15,20,23,21,25,139
1586996,3,7,6,8,15,18,31,37,50,50,225
448310,17,12,9,16,7,11,8,4,1,2,87
11841161,2,1,1,9,5,23,21,15,16,16,109
1324856,4,7,7,9,6,10,14,13,14,15,99
104250,8,18,14,10,8,8,3,9,12,9,99
775996,3,7,2,6,5,7,4,9,12,10,65
120638,4,7,7,9,15,10,13,6,7,6,84
415563,16,22,24,31,39,40,43,43,42,24,324
186189,3,3,5,7,5,4,14,19,7,8,75
653134,24,40,35,58,49,38,25,29,29,22,349
178003,13,24,28,26,38,27,27,22,13,12,230
120660,9,12,13,14,18,19,18,24,27,10,164
3774298,110,162,259,304,344,304,307,271,309,247,2617
258524,4,9,12,9,12,14,13,9,13,12,107
792413,0,1,1,5,11,17,21,31,30,35,152
800614,3,2,6,8,7,7,12,7,12,10,74
653162,8,39,39,43,65,60,49,56,43,49,451
4088807,6,5,1,4,7,5,16,12,5,4,65
653168,13,29,55,80,112,130,109,130,108,138,904
333683,2,14,17,11,16,27,11,5,15,24,142
1259384,11,30,44,43,43,45,41,48,32,27,364
546681,24,27,14,16,16,22,12,11,11,6,159
1341307,15,24,23,41,39,40,38,38,55,33,346
808831,2,2,5,9,8,3,18,20,20,21,108
751492,4,11,14,13,17,9,11,8,13,7,107
1681359,4,16,12,25,46,40,38,36,12,10,239
167575,8,9,8,9,7,3,13,10,10,8,85
259980,8,14,10,14,10,13,8,5,1,7,90
841614,5,8,18,23,25,27,38,29,24,16,213
2062226,2,2,3,11,11,12,13,10,10,12,86
79765,11,25,37,29,24,21,21,18,10,11,207
554905,3,8,16,8,17,11,11,7,6,2,89
374682,10,21,34,21,21,13,16,5,15,8,164
210844,3,8,8,18,13,25,21,22,11,11,140
1681360,19,19,28,24,32,28,33,29,32,24,268
276391,0,4,11,11,10,17,9,9,4,7,82
260018,4,5,8,11,15,23,18,25,18,37,164
1447859,17,16,31,25,27,22,27,28,29,22,244
2144183,5,4,3,8,8,12,10,13,13,10,86
300985,15,11,15,12,11,3,5,3,4,5,84
2701242,3,7,11,12,18,11,18,20,8,10,118
158416,7,7,7,13,18,20,25,31,19,24,171
615413,3,4,8,16,8,18,6,7,10,10,90
751554,9,11,16,13,17,10,11,14,12,14,127
1177540,1,14,9,11,14,10,16,10,10,19,114
300999,7,11,9,14,27,33,13,20,20,15,169
161737,11,9,12,13,28,24,18,12,20,17,164
464842,11,9,13,8,12,8,0,6,6,9,82
554957,4,4,7,19,12,7,19,1,4,2,79
1923026,14,16,39,43,54,58,51,54,49,47,425
1660888,10,8,4,5,9,9,7,17,21,26,116
112601,6,3,7,11,13,9,5,6,14,11,85
464859,10,6,8,4,9,10,16,7,9,4,83
1314469,30,46,58,48,51,55,51,74,55,61,529
145744,3,10,7,17,14,21,15,10,19,15,131
751590,12,19,16,17,19,27,12,13,19,10,164
335179,6,13,9,6,10,21,11,6,5,6,93
276463,5,11,13,18,15,15,14,11,6,13,121
841712,24,53,82,156,211,159,142,120,90,78,1115
55295,10,19,21,36,38,57,64,70,58,63,436
1447942,8,18,19,24,16,18,22,22,15,20,182
768011,7,13,11,18,6,16,9,10,18,9,117
743437,13,22,19,13,23,13,14,20,15,4,156
235538,11,8,6,6,8,10,7,6,7,8,77
800787,8,6,12,18,16,12,14,16,7,8,117
1972252,15,20,44,30,31,29,32,28,30,26,285
178207,9,9,23,16,16,17,19,13,9,12,143
2095137,5,8,9,8,16,14,10,8,10,5,93
137261,8,18,19,9,10,4,6,5,4,3,86
46889009,4,1,7,8,4,15,13,15,15,16,98
2005044,11,7,6,11,12,17,15,27,31,26,163
759871,13,7,7,11,10,14,6,4,4,6,82
849984,5,9,10,10,16,9,7,8,10,4,88
1037323,28,40,48,56,46,55,43,51,50,27,444
1366086,2,8,11,13,21,11,12,15,12,10,115
809033,5,13,7,15,17,18,27,22,30,23,177
22609,10,53,93,153,188,249,314,396,436,421,2313
1603666,8,3,8,4,4,7,11,9,4,6,64
158052,8,9,18,18,20,25,14,24,29,36,201
2144348,0,0,7,17,12,13,17,25,20,33,144
276581,1,7,7,10,11,8,10,6,6,6,72
800877,7,10,12,8,24,13,17,13,13,11,128
407665,11,8,9,16,15,12,15,11,6,10,113
448627,4,7,14,11,12,13,11,9,7,0,88
1374329,8,12,8,12,8,15,7,6,11,11,98
2365563,7,30,33,52,61,49,33,38,32,25,360
178303,5,9,10,19,13,11,15,17,21,13,133
1177538,10,14,11,11,17,25,15,26,14,15,158
351936,5,9,9,11,13,9,4,10,5,6,81
743556,4,3,9,3,11,8,6,9,8,7,68
227470,2,3,7,11,11,23,28,18,8,15,126
514413,7,6,8,7,6,7,11,13,12,6,83
735376,3,7,5,11,8,10,4,2,8,11,69
712388,5,3,8,8,6,4,6,8,16,7,71
2496668,1,5,2,5,8,9,10,9,10,8,67
333983,4,15,12,9,14,21,17,16,14,23,145
374949,12,25,22,13,15,10,11,10,6,4,128
765365,8,33,48,65,58,61,55,48,50,49,475
268461,7,15,22,22,16,22,10,14,8,5,141
514222,4,6,12,13,5,13,14,17,16,12,112
448691,3,7,10,10,12,9,9,11,11,11,93
448692,3,7,3,2,10,13,18,18,19,23,116
178362,13,13,11,14,10,18,5,4,2,2,92
2136251,3,4,5,3,6,11,14,11,9,10,76
537865,5,7,12,11,16,18,18,21,7,10,125
211133,7,12,7,15,8,24,19,20,7,12,131
71879,13,22,38,39,32,28,13,17,13,12,227
143052,38,36,43,44,48,46,49,34,41,37,416
301260,10,10,7,15,20,13,12,13,13,13,126
334030,9,11,10,13,12,11,14,7,8,16,111
178383,10,20,24,37,46,47,73,69,105,158,589
735440,4,13,7,12,18,9,11,10,10,10,104
440529,8,9,16,25,11,11,14,11,2,5,112
1390803,8,15,19,14,15,9,9,6,12,11,118
379652,1,5,7,6,12,12,9,8,7,9,76
265629,25,26,26,36,36,25,34,16,15,9,248
243934,7,8,9,15,4,9,16,9,22,13,112
365605,6,9,5,6,19,16,14,22,19,5,121
243936,17,12,7,8,8,5,7,9,3,10,86
202977,4,16,8,21,11,28,21,13,11,20,153
153829,10,7,5,8,9,6,2,5,5,9,66
1177830,4,8,7,9,3,15,4,16,7,13,86
162023,2,13,12,10,12,23,13,19,12,16,132
36765,5,6,12,9,19,24,21,21,18,24,159
2783472,2,6,3,5,7,8,6,10,14,17,78
407934,2,6,6,5,4,4,16,14,10,9,76
162039,11,27,29,37,43,22,24,20,12,17,242
1374459,22,7,15,11,5,8,10,7,2,3,90
1333503,5,8,7,15,15,16,9,10,14,10,109
107563,1,2,3,7,8,7,9,10,12,11,70
194822,2,5,9,16,11,16,25,24,14,15,137
112904,3,5,7,4,13,3,11,15,17,11,89
153865,27,22,23,30,24,22,16,14,12,8,198
227596,8,19,29,29,20,36,24,23,16,16,220
1259794,14,13,26,24,25,12,4,5,5,4,132
2058627,14,11,17,11,8,10,15,8,6,4,104
162068,9,13,10,18,10,25,15,6,12,9,127
219417,10,10,9,14,10,22,23,11,10,13,132
293146,8,10,10,14,4,18,6,3,8,6,87
2659375,14,14,12,19,17,18,12,5,2,0,113
850209,14,10,10,12,11,10,4,8,5,7,91
1317154,3,3,2,5,12,8,12,11,14,13,83
842023,7,5,17,23,29,56,69,97,99,117,519
301352,11,10,10,8,8,12,14,8,9,11,101
825641,5,5,13,14,10,13,4,4,7,6,81
14637,12,14,15,22,17,25,31,19,25,14,194
268597,16,14,13,7,15,8,7,2,5,2,89
3397942,0,8,11,8,15,13,8,13,8,10,94
694584,67,67,42,56,58,43,48,27,35,27,470
345140,4,14,9,12,7,10,9,11,15,5,96
309563,11,25,22,46,24,46,46,45,47,23,335
514368,12,17,21,21,22,22,48,35,29,40,267
1664060,5,9,6,7,9,10,11,11,4,12,84
2014945,6,6,18,23,23,35,29,42,46,44,272
252232,6,14,12,17,12,9,11,9,8,12,110
231820,7,8,7,8,7,8,9,9,5,10,78
12155216,5,6,17,38,34,33,59,67,79,86,424
1251669,23,21,39,28,24,11,11,7,6,3,173
186723,7,10,19,22,27,28,28,22,25,19,207
1751396,13,14,18,15,15,13,9,10,10,10,127
1646310,7,10,12,12,22,12,8,13,0,4,100
1251687,44,51,55,56,34,41,34,29,23,26,393
332860,4,7,14,9,9,6,2,4,5,6,66
244077,7,14,19,9,13,19,9,9,6,4,109
1603957,14,13,23,20,23,28,37,29,38,25,250
96630,0,6,6,8,7,14,15,14,5,17,92
194936,3,5,8,17,11,15,14,14,18,16,121
375162,2,8,6,12,7,10,10,6,7,3,71
31102,3,0,4,12,11,20,11,12,11,16,100
1317248,3,6,10,14,12,11,9,11,8,6,90
1603970,10,10,8,7,9,1,2,10,7,15,79
301445,3,15,9,17,13,14,23,11,15,11,131
387023,13,21,37,33,29,17,23,12,11,7,203
268680,9,13,7,9,18,8,7,15,14,19,119
1177994,1,2,4,7,10,5,8,22,25,22,106
1177999,0,1,4,4,7,6,8,17,20,19,86
1399187,12,16,17,25,21,22,21,19,18,7,178
276886,29,31,40,30,40,26,19,23,11,11,260
55709,5,11,10,15,15,13,13,22,17,14,135
194974,16,19,12,12,10,10,4,5,2,1,91
1391007,13,15,16,16,10,16,19,12,14,20,151
2054560,6,5,13,6,16,16,9,11,11,12,105
203175,6,6,14,18,12,12,9,10,7,8,102
268712,4,12,14,15,11,11,10,11,19,12,119
801193,1,16,7,19,17,12,14,8,7,7,108
2038173,1,6,8,19,14,12,12,19,19,18,128
2152886,2,0,4,5,4,4,7,12,15,15,68
1407417,12,17,21,18,26,21,23,26,30,20,214
235962,7,11,18,17,22,13,9,6,12,13,128
96700,9,14,19,21,22,29,21,19,24,19,197
571839,13,8,11,10,10,12,8,4,11,8,95
2062787,9,6,4,18,8,10,14,13,8,5,95
80325,5,9,13,7,16,8,14,12,13,12,109
1604042,15,33,32,29,38,26,16,24,22,18,253
195025,19,20,22,25,28,16,16,26,20,21,213
334290,6,16,21,21,14,7,15,12,4,2,118
76195,16,12,17,21,18,18,16,16,10,10,154
186842,23,31,34,42,39,19,15,21,11,7,242
801247,2,4,5,6,11,13,11,14,11,12,89
246543,18,12,11,11,21,12,2,7,4,2,100
1604065,17,20,27,7,6,5,8,4,2,2,98
252390,17,23,30,27,28,21,20,17,16,7,206
571885,3,8,8,8,7,7,9,8,15,21,94
244208,4,2,8,4,11,10,15,13,13,16,96
1604082,3,6,16,14,5,5,9,5,13,4,80
55798,0,2,3,11,11,15,18,11,20,16,107
244217,2,4,9,12,23,23,22,15,17,25,152
1284604,10,22,18,25,14,17,10,14,11,7,148
645634,8,10,13,22,13,22,11,14,7,9,129
2038276,10,4,11,13,12,20,12,4,3,5,94
252421,8,9,8,18,13,12,7,4,3,4,86
170508,5,12,26,29,35,32,33,37,64,44,317
88590,10,13,19,11,26,25,23,17,8,25,177
293392,12,20,21,26,27,19,28,25,23,11,212
227857,11,24,30,32,34,38,36,44,42,37,328
236051,13,23,23,36,25,40,35,30,25,32,282
211480,1,8,13,8,8,11,12,13,8,11,93
72218,2,7,7,11,11,12,9,12,18,29,118
10402331,33,52,50,46,47,66,53,49,61,46,503
2049114,5,11,16,10,2,8,4,6,10,4,76
1260064,26,42,34,40,38,52,50,48,31,30,391
449057,7,5,13,15,19,9,9,10,7,5,99
72226,3,9,1,12,8,5,10,18,13,17,96
256911,14,14,17,15,18,20,19,8,14,22,161
252459,5,8,12,9,8,16,14,10,13,17,112
121396,8,16,12,17,16,17,12,10,16,18,142
798473,11,12,16,14,12,10,6,5,8,13,107
2083253,1,6,5,9,10,7,8,11,6,7,70
265641,12,6,5,16,15,17,17,12,6,8,114
64070,7,21,12,13,13,13,17,11,16,20,143
219720,18,13,14,8,6,11,7,1,5,4,87
227917,12,15,25,33,19,18,28,38,23,35,246
3603022,1,3,7,4,14,21,24,35,45,42,196
285264,10,32,16,27,28,19,23,15,12,11,193
186961,6,10,9,7,16,11,8,10,6,12,95
227922,13,28,23,20,10,16,17,16,4,9,156
156771,23,27,32,52,55,44,51,39,46,39,408
490074,8,6,8,12,14,15,17,10,12,8,110
3383055,0,0,0,0,1,4,7,17,16,20,65
170596,4,14,20,18,27,21,22,23,31,17,197
170599,19,13,13,5,8,3,4,4,15,5,89
473711,5,12,11,10,8,11,9,5,2,5,78
842352,0,0,7,13,10,11,19,14,19,9,102
522865,10,11,8,13,2,5,7,7,1,6,70
449139,9,10,11,9,14,9,8,3,7,6,86
39254645,22,11,8,21,15,23,15,9,11,14,149
1448567,8,18,21,26,29,26,25,29,25,8,215
1309308,18,52,63,68,46,51,46,56,54,33,487
154237,13,7,12,10,6,6,4,2,9,5,74
383614,68,93,66,38,33,37,37,21,14,11,418
219775,22,14,19,19,10,16,9,10,8,6,133
113280,1,7,14,13,13,10,10,10,4,7,89
301702,6,12,16,10,11,9,11,12,6,11,104
2005641,19,37,47,44,68,109,76,98,91,98,687
449162,5,6,10,11,6,5,12,6,7,7,75
39254670,15,28,17,33,29,26,33,31,21,24,257
154256,5,7,10,15,16,16,8,23,18,12,130
105110,12,19,26,34,42,25,18,19,11,10,216
154269,9,11,12,15,8,11,10,8,10,1,95
31396,21,3,9,2,7,4,5,5,7,6,69
187050,3,6,5,6,7,10,5,8,9,9,68
1342124,4,8,7,6,6,4,12,8,12,8,75
244400,0,4,9,2,13,9,13,16,16,29,111
441012,7,7,15,8,8,9,9,7,7,6,83
1637047,9,9,14,18,15,24,21,22,27,18,177
826041,3,4,11,6,5,10,7,8,6,7,67
1915578,6,14,11,20,15,20,27,16,32,27,188
129724,8,8,14,17,14,22,19,16,22,8,148
694976,35,72,74,74,65,48,40,23,21,20,472
809665,5,8,9,5,8,9,10,14,6,8,82
776898,0,2,6,9,6,6,7,4,10,9,59
162499,13,14,22,22,17,4,11,5,10,5,123
301770,6,14,15,16,22,24,26,12,10,18,163
2024567,5,5,10,9,8,14,15,16,15,9,106
1645260,10,13,11,18,15,26,26,18,21,17,175
473807,7,5,18,15,14,29,36,34,32,39,229
244438,1,2,7,5,5,5,11,12,6,14,68
39254743,7,14,22,9,14,11,10,6,14,2,109
301785,6,11,17,14,8,6,9,5,6,9,91
1260251,4,12,27,35,33,23,12,8,6,8,168
1638181,1,4,4,5,10,10,17,11,19,19,100
3136224,20,14,23,15,22,28,21,22,6,3,174
1333988,7,6,13,20,12,13,14,10,13,4,112
301797,5,8,11,14,13,21,18,18,27,26,161
1276647,0,2,5,6,20,13,15,21,7,10,99
39254760,0,1,12,7,8,13,32,28,25,24,150
2022121,7,5,7,7,6,10,10,9,9,14,84
1932012,6,2,3,8,5,6,8,7,6,11,62
113389,12,7,11,6,10,7,5,7,5,4,74
1325812,9,19,37,21,34,45,55,58,52,64,394
162549,1,4,11,14,11,16,21,17,16,7,118
473847,5,2,10,9,25,12,11,15,22,23,134
39254776,23,39,48,59,39,59,65,44,62,43,481
1383161,10,10,9,15,16,10,17,12,12,1,112
2620158,4,8,9,7,13,21,35,33,33,31,194
799872,3,3,5,7,13,9,7,4,8,12,71
604930,7,11,11,9,8,7,9,15,7,11,95
252676,10,12,11,13,8,15,19,17,10,21,136
506629,16,19,19,24,20,26,16,12,8,12,172
277259,2,5,8,9,7,12,10,7,8,8,76
219917,13,14,6,14,14,8,11,9,3,6,98
506643,7,10,7,9,5,17,9,10,4,3,81
228116,2,1,4,5,10,6,6,7,10,15,66
1380142,7,32,38,37,38,38,48,35,37,24,334
1325853,18,18,15,18,25,26,20,19,11,14,184
506654,2,4,17,10,12,9,12,12,13,12,103
98096,0,7,6,6,9,11,16,18,12,11,96
318246,8,16,28,54,66,92,155,198,217,235,1069
449323,10,4,9,7,11,9,9,9,8,7,83
269101,5,6,9,12,7,13,11,9,9,5,86
72494,1,2,4,4,8,6,5,9,10,12,61
326447,8,22,17,26,15,14,17,13,11,15,158
2071344,7,13,25,16,31,50,47,52,40,44,325
234279,0,3,6,6,10,14,10,5,13,9,76
285493,13,16,16,19,7,15,10,9,11,6,122
47928,3,8,9,12,12,8,7,9,1,6,75
293690,7,10,11,13,5,9,7,6,13,6,87
2071355,1,5,4,5,8,5,8,7,15,14,72
47936,16,18,13,8,8,12,4,3,0,1,83
15244100,5,19,17,23,32,25,36,38,26,36,257
15244101,3,9,9,12,18,24,29,24,21,19,168
15244102,12,20,18,25,29,25,21,29,30,30,239
605005,5,9,8,7,7,7,12,8,13,5,81
695121,18,35,71,144,190,170,156,130,136,118,1168
473941,9,9,12,7,16,15,13,17,13,12,123
670553,3,6,5,9,12,7,11,5,12,16,86
252763,9,17,18,19,20,22,7,8,9,12,141
1940318,3,4,5,11,11,14,11,24,18,18,119
203616,11,21,28,22,17,15,4,9,5,4,136
719714,18,17,11,14,12,11,13,12,8,8,124
719715,30,29,15,24,24,21,15,17,20,9,204
1317737,5,7,8,10,13,9,24,17,12,21,126
2055018,1,0,2,1,11,19,20,24,16,20,114
285550,7,17,28,19,20,23,20,18,18,8,178
441200,16,15,23,24,15,7,3,5,5,1,114
506739,23,36,45,51,78,163,170,167,274,234,1241
613236,1,6,6,5,12,15,9,10,7,6,77
293749,8,18,13,26,15,12,10,2,0,1,105
596854,1,9,12,9,16,17,16,17,17,22,136
1678199,4,18,19,25,24,18,30,27,39,27,231
1301377,4,5,4,6,7,8,7,4,10,14,69
473987,9,11,16,15,12,14,10,14,14,11,126
1375108,19,16,8,7,10,6,7,2,0,3,78
170885,17,19,22,29,24,29,24,15,24,17,220
285575,9,7,7,13,11,11,3,6,3,6,76
285576,8,13,12,18,15,9,7,6,3,2,93
523148,15,31,14,19,26,18,21,17,14,15,190
777101,8,5,7,8,8,10,5,12,6,10,79
285582,14,12,10,16,15,12,6,16,13,6,120
236435,3,7,8,10,16,15,8,5,6,5,83
1039257,7,5,11,14,12,9,5,8,1,0,72
367514,10,14,20,16,22,18,27,23,24,19,193
88993,14,16,12,16,22,19,18,25,16,17,175
2628515,0,2,3,4,7,10,12,11,17,20,86
1268653,24,29,16,21,7,12,11,9,5,5,139
1309614,8,21,27,20,14,18,29,20,22,16,195
302004,3,6,10,19,21,14,5,10,8,6,102
113589,2,3,5,4,7,4,5,16,12,17,75
179132,6,10,8,14,17,13,19,36,14,20,157
162750,12,15,17,14,19,21,13,12,18,16,157
1333750,31,22,49,64,71,84,86,92,80,66,645
801737,2,4,6,12,12,8,12,14,15,21,106
203723,11,17,15,14,15,4,8,10,8,3,105
728018,9,17,20,27,24,34,13,38,24,28,234
1268691,28,61,81,121,88,47,21,21,21,21,510
695257,35,45,57,68,58,86,73,64,53,55,594
2718686,4,1,4,5,16,4,27,17,19,9,106
506847,5,5,10,8,9,8,13,4,7,10,79
351202,32,34,41,45,57,47,63,83,66,69,537
302061,25,29,34,39,45,23,18,12,13,18,256
3131901,140,157,134,148,194,219,252,254,304,391,2193
539632,5,8,10,10,10,9,19,21,27,24,143
269299,7,7,8,6,10,11,7,7,6,7,76
1293302,9,11,22,23,51,41,31,51,31,37,307
842743,18,23,27,34,47,32,32,25,23,20,281
506873,5,6,9,8,14,9,15,8,7,4,85
842746,6,8,20,17,15,9,18,10,14,11,128
2382849,22,29,33,34,52,37,34,48,33,33,355
252930,1,7,14,10,19,25,20,20,20,22,158
146435,10,14,14,5,7,5,4,5,8,5,77
842758,7,9,24,49,49,55,52,41,43,19,348
3234826,4,3,7,8,19,15,10,8,10,9,93
154361,3,4,8,17,15,7,13,15,12,11,105
3398668,11,9,24,21,26,35,44,45,47,50,312
113681,6,12,15,9,13,16,12,11,10,10,114
490515,19,17,25,20,23,28,16,16,15,10,189
3021846,7,5,10,36,26,28,46,43,77,102,380
1276952,12,11,29,24,39,19,25,36,22,23,240
2563097,2,3,8,1,10,14,17,13,14,13,95
1326111,18,15,15,16,18,10,7,5,9,8,121
826400,8,8,13,18,11,10,19,16,13,12,128
252969,16,16,14,12,13,8,6,2,6,2,95
506927,2,3,5,15,6,18,11,19,17,14,110
531504,5,4,13,9,16,9,5,4,14,6,85
252980,9,6,12,7,14,15,13,15,16,9,116
695357,14,22,19,16,14,14,11,4,4,5,123
1399873,9,14,15,8,7,8,8,9,6,4,88
842822,6,3,11,13,19,9,19,8,11,11,110
203851,6,4,12,10,7,13,9,5,10,5,81
3734610,8,9,8,12,8,8,10,9,15,14,101
179285,4,7,9,12,9,11,15,12,13,5,97
76075,3,10,14,6,13,5,8,8,4,5,76
203869,12,4,8,9,11,14,13,16,22,30,139
80400,7,9,19,23,15,15,23,19,40,20,190
269410,36,79,97,98,123,95,94,90,84,64,860
277605,31,20,12,20,24,14,25,15,4,14,179
277607,6,22,22,20,19,16,10,13,12,6,146
359538,20,26,31,28,25,37,21,29,29,21,267
777345,10,14,46,55,47,40,52,46,51,43,404
2056043,6,15,21,11,17,4,7,9,6,2,98
449672,16,30,16,24,32,37,31,27,16,25,254
244876,7,14,10,9,10,20,12,13,4,4,103
638093,16,21,21,12,6,8,3,6,2,0,95
269460,1,5,16,18,29,25,25,23,26,26,194
220309,7,8,13,20,10,12,13,6,9,7,105
2055319,9,8,14,14,18,23,19,10,24,14,153
384153,5,4,3,11,12,10,7,12,7,13,84
695450,10,8,13,8,11,7,13,10,11,12,103
572575,7,13,11,12,11,10,9,5,4,2,84
1318048,40,25,30,49,55,57,80,76,81,90,583
449697,7,8,11,14,20,14,10,10,7,11,112
220322,24,34,44,42,32,19,24,22,17,14,272
1301668,5,10,11,17,25,26,19,29,27,43,212
449702,14,7,12,12,14,9,11,3,7,4,93
799943,12,12,9,10,14,10,11,9,8,3,98
40114,3,5,7,9,11,17,22,34,25,31,164
3783859,17,25,32,31,51,51,72,65,73,55,472
3271198,11,8,14,15,22,19,16,18,10,11,144
277688,67,80,57,61,45,34,38,18,15,23,438
3202233,0,1,0,1,7,4,7,9,20,25,74
277695,13,9,7,8,8,5,4,11,9,2,76
400589,11,14,12,26,7,13,16,20,18,13,150
1309909,8,10,7,7,13,6,6,4,7,4,72
564442,5,12,20,21,29,20,16,18,20,7,168
285920,5,7,9,10,11,9,10,7,12,6,86
2028752,2,8,16,16,24,28,31,25,18,14,182
3308776,0,0,6,8,16,16,21,20,16,26,129
1400043,2,5,12,18,26,22,26,35,29,30,205
1924337,2,4,11,9,9,6,9,9,8,10,77
539906,4,1,7,8,8,12,11,23,19,21,114
234710,5,13,13,17,12,15,4,6,8,5,98
1293577,27,37,49,60,49,63,48,32,24,23,412
638227,14,12,14,15,12,16,3,9,3,9,107
417044,26,40,56,66,80,59,54,49,40,66,536
638230,9,17,12,18,18,8,13,13,14,6,128
564506,22,12,14,11,10,5,5,4,3,1,87
777505,49,36,53,41,30,34,12,24,15,20,314
12934439,0,8,12,20,21,20,21,16,23,14,155
577415,33,25,25,39,32,29,18,20,28,11,260
245048,0,10,13,11,12,11,9,3,14,6,89
294202,8,14,17,17,14,18,15,15,16,21,155
384317,5,4,6,13,7,9,12,7,6,8,77
2538827,5,9,15,16,12,15,12,9,8,6,107
2669900,0,2,0,5,4,5,10,18,18,21,83
286036,13,17,11,21,17,20,21,18,14,13,165
2022751,2,3,11,11,11,16,10,11,7,6,88
302432,4,8,10,8,13,6,9,6,8,5,77
1310056,40,53,72,58,78,58,63,68,75,57,622
638314,12,9,13,9,11,2,11,14,13,16,110
14425451,3,2,8,7,8,7,6,10,6,3,60
228720,4,9,3,15,9,6,9,6,6,7,74
310649,12,6,20,6,17,16,18,19,12,19,145
515451,5,11,18,20,9,11,8,5,7,6,100
1637756,6,3,9,6,13,12,16,13,13,7,98
1380245,4,6,18,11,8,13,11,9,9,5,94
187778,9,12,35,47,59,60,84,60,46,42,454
556420,7,17,17,15,9,18,12,6,13,14,128
449928,4,8,7,14,5,10,4,12,15,17,96
2071948,20,29,30,41,38,28,16,21,15,22,260
449935,13,7,12,13,13,16,12,10,13,17,126
220562,17,19,21,20,19,14,13,12,5,6,146
1334676,4,5,4,16,6,6,5,4,6,5,61
1252758,7,15,19,12,17,12,5,2,0,0,89
803051,6,11,9,16,9,8,8,8,3,3,81
81304,2,3,11,17,21,26,32,48,53,55,268
204189,31,57,52,90,79,112,131,141,172,208,1073
695715,7,15,20,12,9,8,7,3,4,6,91
612934,15,12,20,12,9,12,8,5,9,4,106
376231,13,21,29,22,21,20,10,18,8,17,179
699667,9,12,17,38,37,32,28,27,29,37,266
245161,6,10,8,14,12,10,11,4,4,3,82
2379677,5,8,13,11,12,17,13,2,3,3,87
499124,5,5,7,18,14,8,8,13,11,4,93
236983,8,10,13,11,8,19,11,8,10,12,110
302523,5,3,8,8,11,5,14,11,3,8,76
1318332,9,20,9,18,16,17,10,16,6,5,126
1665610,2,5,7,2,17,24,16,16,13,10,112
2039232,2,9,9,5,11,11,10,10,3,13,83
286145,18,22,29,26,32,35,41,28,35,23,289
253391,11,12,7,6,13,6,4,8,9,8,84
392658,18,15,20,25,37,45,30,35,31,35,291
2014675,11,14,15,10,11,19,15,12,15,37,159
736724,1,10,6,6,6,11,12,11,9,8,80
253400,9,9,11,15,12,21,11,16,12,10,126
384475,23,26,15,9,16,19,10,16,13,9,156
654816,14,24,37,32,36,42,45,38,46,36,350
269795,7,8,5,9,7,10,19,15,10,6,96
3956196,1,5,5,11,4,11,10,11,23,15,96
302571,4,7,7,9,10,10,10,10,7,4,78
285266,1,3,6,4,7,6,9,11,8,15,70
499184,6,4,13,11,11,14,6,12,19,9,105
802290,9,18,9,9,12,5,13,4,6,12,97
155125,16,36,22,34,31,42,37,19,26,28,291
2022903,6,12,10,20,21,15,23,40,15,12,174
296191,4,6,12,10,10,14,8,6,13,17,100
171524,48,36,66,57,64,75,75,71,69,76,637
450053,22,16,22,17,22,23,6,10,10,6,154
1326602,1,1,4,18,20,20,24,15,8,13,124
2121227,2,7,8,2,5,10,10,15,13,12,84
278033,12,23,14,22,14,14,5,8,11,1,124
115971,4,14,14,26,14,24,10,19,25,24,174
130583,6,8,7,25,13,17,11,7,11,7,112
122799,10,3,15,12,18,27,23,14,10,17,149
704029,4,13,14,7,12,9,4,8,2,5,78
106014,8,10,9,9,13,19,13,13,5,6,105
2006559,7,7,7,10,3,10,11,9,9,6,79
228902,9,9,7,12,8,13,7,6,7,2,80
441896,7,11,6,17,14,11,17,8,18,17,126
2088493,5,10,12,6,11,10,8,6,6,6,80
278068,9,13,12,31,21,15,9,11,1,6,128
556597,5,16,9,12,5,10,12,4,11,9,93
2022967,7,5,15,3,18,14,27,19,27,24,159
802368,4,5,4,10,10,12,13,14,17,12,101
441923,7,6,5,10,18,10,16,15,8,4,99
1293896,44,23,25,23,30,32,40,42,32,27,318
1261133,6,5,8,12,15,11,10,5,0,5,77
196184,2,8,7,12,18,10,14,7,8,17,103
376423,21,36,34,33,33,43,46,32,29,32,339
122474,13,16,13,12,14,5,13,1,2,5,94
65131,4,13,14,9,15,4,13,7,7,13,99
561085,6,10,18,19,21,20,24,30,19,23,190
1334898,1,2,3,6,9,9,7,13,8,17,75
775443,15,22,14,15,19,19,12,22,13,22,173
14417528,5,7,5,13,3,7,11,8,6,13,78
540284,11,11,15,9,6,11,10,7,2,7,89
704126,44,63,47,32,19,16,20,11,6,3,261
89729,11,9,13,15,12,17,24,16,13,13,143
1040002,29,43,22,18,8,8,7,12,8,6,161
179843,10,14,15,18,17,12,10,5,5,6,112
237189,16,24,52,47,37,41,32,37,32,28,346
155273,3,3,6,12,15,15,19,21,25,19,138
1040012,9,8,6,9,8,10,7,5,4,3,69
264813,10,11,11,6,1,5,8,7,8,8,75
1040017,0,3,5,12,11,10,16,14,17,21,109
6094482,1,6,2,11,7,9,14,7,6,3,66
188053,19,11,11,9,6,8,6,4,2,6,82
6094487,5,9,10,14,8,19,22,17,22,14,140
1040025,2,5,9,7,9,10,11,3,10,3,69
261791,2,4,10,24,24,21,21,19,18,26,169
2064033,2,6,10,15,22,36,32,29,29,33,214
442018,9,12,11,20,12,20,10,9,5,4,112
540324,15,19,14,16,21,7,19,14,8,13,146
376490,9,42,39,32,35,26,14,18,11,5,231
196267,14,9,7,11,10,10,9,3,8,5,86
827061,7,15,12,13,13,20,10,13,9,16,128
253623,2,12,9,14,12,19,20,14,12,14,128
286392,12,11,15,24,26,24,24,24,25,17,202
171712,6,8,17,19,29,31,39,52,65,67,333
2391746,4,5,12,13,14,15,15,17,16,13,124
163787,13,4,5,6,4,11,17,11,10,7,88
523972,9,10,9,8,17,20,16,9,6,8,112
712391,0,1,7,9,21,19,23,22,29,22,153
442061,3,6,6,5,5,2,5,9,13,13,67
175116,1,8,9,19,21,16,7,9,6,7,103
1269455,5,8,9,19,16,10,11,8,9,5,100
2064082,6,12,17,15,21,28,16,36,26,17,194
13319896,2,7,2,13,17,14,24,16,16,18,129
2072281,3,3,6,12,9,19,13,16,28,19,128
220890,17,27,39,47,49,42,53,51,35,34,394
253665,8,10,12,11,11,18,18,7,13,15,123
147174,5,1,13,10,21,21,10,9,5,5,100
278253,15,18,10,24,10,13,11,7,8,4,120
294644,14,13,20,23,13,20,11,11,11,7,143
294646,5,7,6,3,15,11,22,17,25,20,131
1375991,9,16,13,10,18,19,19,19,12,16,151
524024,10,11,7,23,17,31,24,22,19,21,185
712441,12,14,9,32,11,14,18,11,16,12,149
283946,11,13,20,19,30,25,25,21,23,24,211
2031364,5,10,14,26,27,38,53,30,39,38,280
329004,13,23,33,19,49,39,42,38,26,35,317
155402,7,8,24,26,22,28,24,19,11,11,180
2621199,1,11,8,14,12,19,14,10,17,15,121
794388,23,27,32,30,25,44,33,45,37,33,329
556821,3,22,40,74,94,104,121,103,120,113,794
3243800,0,1,2,9,16,22,15,18,8,5,96
286492,37,67,36,45,32,35,21,12,25,14,324
1970138,23,43,44,39,58,63,62,52,52,23,459
524062,9,7,8,18,12,8,9,5,8,5,89
524063,7,15,19,18,16,12,10,17,11,7,132
237346,4,11,13,12,14,9,8,4,3,3,81
1638179,0,8,8,11,8,13,14,13,14,15,104
473734,23,32,18,24,22,24,34,22,20,22,241
712486,19,27,30,72,62,64,71,79,86,75,585
99831,0,7,6,6,9,3,3,10,13,18,75
16176,6,11,15,13,13,14,17,11,9,15,124
1982262,14,6,5,17,15,12,14,12,24,19,138
220984,26,38,23,47,45,38,35,38,19,15,324
360249,17,33,23,22,33,16,20,12,10,9,195
401211,12,14,20,15,22,22,19,13,15,8,160
147262,2,5,7,11,11,15,15,16,11,24,117
1261381,11,9,14,20,15,18,8,12,12,8,127
300343,5,7,13,10,13,13,7,7,2,4,81
794444,6,28,13,23,18,21,32,24,32,18,215
2010401,16,11,15,8,7,8,8,5,6,4,88
4175161,0,2,2,3,5,8,13,12,17,21,83
524127,20,18,27,34,32,40,56,67,50,75,419
1384293,7,1,9,7,21,17,19,17,10,21,129
171882,3,13,6,8,13,14,9,7,10,6,89
1294311,17,30,49,37,45,40,18,28,21,19,304
245621,7,12,18,28,41,40,47,51,71,80,395
65399,9,18,17,18,15,14,8,8,4,7,118
180089,3,13,18,14,18,22,14,16,5,6,129
1310590,3,18,19,19,25,35,26,41,27,26,239
167915,3,4,3,2,8,3,7,5,8,4,47
1280662,29,41,70,82,113,131,138,149,126,114,993
221062,13,34,51,48,26,21,18,7,11,10,239
597903,0,2,13,8,8,6,7,15,7,9,75
262048,9,11,12,15,18,10,11,21,8,7,122
663457,9,11,23,16,32,37,46,37,42,34,287
1253286,20,31,21,17,14,1,5,7,2,7,125
524202,6,3,7,9,23,13,14,17,12,12,116
294830,4,7,9,12,14,13,18,15,12,5,109
2054813,5,6,9,4,9,11,5,14,11,13,87
13320113,5,10,13,21,23,18,20,30,26,23,189
1654708,1,4,6,8,3,8,8,8,13,12,71
98234,5,12,17,23,18,13,8,15,13,10,134
81852,2,5,3,13,11,10,18,17,14,8,101
1654720,5,8,7,14,24,13,16,21,20,23,151
1384385,14,16,17,16,17,15,4,11,6,9,125
1654723,0,3,8,13,23,19,14,12,13,17,122
1654724,5,15,10,7,9,13,10,16,13,5,103
24521,6,7,16,15,19,21,20,23,26,35,188
1318859,2,5,8,19,18,20,22,25,27,22,168
1987919,5,0,3,11,7,6,18,15,11,36,112
810972,5,7,9,11,9,14,14,9,3,10,91
253924,0,1,2,2,8,11,8,24,14,18,88
24551,6,5,15,9,16,13,18,26,7,20,135
712701,2,8,2,4,13,7,11,8,9,8,72
1368049,5,9,20,24,18,22,14,14,15,8,149
229364,21,23,16,30,26,21,12,15,9,9,182
1654774,0,3,6,5,9,16,13,21,40,23,136
221175,14,22,12,11,10,5,5,9,3,5,96
122877,1,3,4,9,17,10,12,15,11,3,85
